[(  1,  16.73479068,  -0.23054221,  3.30772748e-02,  1.70158285e-01, -2.16164597e-02)
 (  2, 101.10427455,   0.80925503,  3.63737019e-01,  5.40413440e-01,  1.90032699e-01)
 (  3, 124.61477532,   1.47543392,  4.30292863e-01,  4.41099495e-01,  2.88510882e-01)
 (  4, 127.34551346,   1.89794299,  4.30183331e-01,  3.89984508e-01,  3.04831168e-01)
 (  5, 126.05193514,   2.58089026,  5.08653846e-01,  4.84411463e-01,  3.52950161e-01)
 (  6, 107.63120455,   4.04300069,  3.18638948e-01,  6.76372599e-01,  1.01233469e-01)
 (  7,  69.52174826,   4.68797749,  2.76215566e-01,  5.58381071e-01,  9.67359361e-02)
 (  8, 147.02809031,   6.88168637,  2.26832890e-01, -9.56773355e-03,  2.29908233e-01)
 (  9,  28.49280754,  10.64533002,  1.12362602e-01,  2.02840519e-01,  4.71638638e-02)
 ( 10, 190.0962382 ,  11.36382597,  1.97185271e-01,  7.51566041e-01, -4.43895280e-02)
 ( 11, 198.00439591,  15.37409803,  3.34891488e-01,  3.44966077e-01,  2.24009535e-01)
 ( 12,  71.65771314,  17.22200671,  1.30907628e-01,  4.67609950e-01, -1.93955706e-02)
 ( 13,  27.27073523,  19.79145793,  5.36026080e-02, -4.50349882e-02,  6.80781400e-02)
 ( 14, 167.06156756,  21.76051092,  1.71250116e-01,  5.05207370e-01,  8.86203306e-03)
 ( 15,  38.46159177,  26.8068425 , -6.86801590e-02,  5.21471814e-02, -8.54417531e-02)
 ( 16,  75.76389407,  27.80095644,  4.04495158e-01,  5.21656198e-01,  2.36819952e-01)
 ( 17,  59.82842003,  29.56609113,  1.14440110e-01,  2.38823705e-01,  3.76753479e-02)
 ( 18, 111.01987716,  29.27544201,  2.10865992e-01,  6.50468877e-01,  1.78670974e-03)
 ( 19, 134.61969956,  29.66315127,  1.35582796e-01,  3.36964982e-01,  2.72726229e-02)
 ( 20,  81.80588338,  31.81811337,  3.16458387e-01,  5.51646205e-01,  1.39143536e-01)
 ( 21,  16.11938173,  33.26694329,  2.07000382e-01,  2.49499149e-01,  1.26804227e-01)
 ( 22,  34.80626328,  34.2276197 ,  2.43642430e-02, -6.92970169e-02,  4.66382842e-02)
 ( 23, 104.31931469,  36.1388689 ,  2.12227701e-01,  4.72928324e-01,  6.02150256e-02)
 ( 24,  29.99825455,  36.8648334 ,  1.02596930e-01,  3.13812480e-01,  1.72863343e-03)
 ( 25,  19.66678311,  39.74127197,  3.14886428e-01,  2.77369782e-01,  2.25731855e-01)
 ( 26,  58.87572118,  40.73049362,  1.06179451e-01,  2.81157554e-01,  1.58073797e-02)
 ( 27,  13.6138652 ,  40.89460997,  1.60413606e-01,  2.49082902e-01,  8.03512446e-02)
 ( 28,  21.59111723,  40.88026572,  2.94663875e-01,  1.82603704e-01,  2.35969827e-01)
 ( 29,  18.27926538,  42.1603188 ,  2.80435737e-01,  1.84286986e-01,  2.21200634e-01)
 ( 30, 187.55163894,  41.64203664,  1.69806073e-01,  2.26436505e-01,  9.70229104e-02)
 ( 31, 191.76578942,  45.0389366 ,  1.31939337e-01,  1.07865782e-01,  9.72681932e-02)
 ( 32, 138.30546048,  50.16770938,  1.52587338e-01, -7.70405047e-01,  4.00217531e-01)
 ( 33,  13.66816307,  52.39950983,  1.60289998e-01,  5.79529053e-02,  1.41662279e-01)
 ( 34,  82.39533798,  52.66382593,  9.45907413e-02,  5.22588060e-01, -7.33839924e-02)
 ( 35, 129.59353611,  53.31722867,  2.02291959e-01,  2.92057216e-01,  1.08416425e-01)
 ( 36,  46.16536174,  54.83074584,  1.65106518e-01,  1.24393484e-02,  1.61108156e-01)
 ( 37,  58.24273025,  56.25760406,  1.39574699e+00,  3.77023025e-01,  1.27456101e+00)
 ( 38,  89.35849672,  56.59995185,  1.42341325e-01,  1.99895883e-01,  7.80890768e-02)
 ( 39, 110.19992792,  58.23316769,  1.82631344e-01,  1.43579570e-01,  1.36480768e-01)
 ( 40,  44.51668422,  58.77500378, -6.59659203e-03,  1.59486595e-01, -5.78601403e-02)
 ( 41,  20.35980091,  61.12721041,  1.36324823e-01,  2.21327372e-01,  6.51838823e-02)
 ( 42,  33.43373844,  61.14080408,  8.19762338e-02,  6.77547937e-02,  6.01979072e-02)
 ( 43,  48.53694084,  66.03517984,  9.36595602e-02,  1.20402115e-01,  5.49588803e-02)
 ( 44,  49.87813559,  68.90106194,  1.16590924e-01,  1.02436369e+00, -2.12668833e-01)
 ( 45, 138.02251597,  69.64883614,  6.41151214e-02,  4.93010503e-02,  4.82683552e-02)
 ( 46,  90.977085  ,  71.62320423,  1.07978605e-01,  1.79104437e-01,  5.04093216e-02)
 ( 47,  55.88172918,  71.7604489 ,  8.25589470e-01,  8.28712510e-01,  5.59217592e-01)
 ( 48,  81.62536868,  71.64529873,  1.33991703e-01,  1.52600970e-01,  8.49413913e-02)
 ( 49, 166.7146001 ,  75.08465181,  9.89585849e-02,  1.36769661e-01,  5.49969080e-02)
 ( 50,  83.80463817,  76.53972158, -2.88160948e-03,  1.57975206e-01, -5.36593544e-02)
 ( 51, 190.42256098,  76.2440435 ,  2.27196671e-01,  7.92245792e-02,  2.01731628e-01)
 ( 52,  27.27782068,  77.15412177,  1.04282151e-01,  3.42202682e-01, -5.71156791e-03)
 ( 53, 182.05751245,  79.29066486, -5.02595326e-03,  5.99991879e-02, -2.43114065e-02)
 ( 54,  25.71944606,  81.10110456,  1.55595961e-01,  2.85066808e-01,  6.39673440e-02)
 ( 55,  81.68212652,  81.22325338,  1.43039274e-01, -7.92322537e-03,  1.45586025e-01)
 ( 56,  61.55308294,  81.75772454,  1.73366198e-01,  4.14433160e-01,  4.01555397e-02)
 ( 57,  64.95512339,  81.52774921,  1.31587489e-01,  4.38905915e-01, -9.48941222e-03)
 ( 58, 147.6809577 ,  83.8300938 ,  4.36004298e-02,  7.28774043e-03,  4.12579418e-02)
 ( 59, 110.71370608,  85.37774602,  2.23452305e-01, -1.75792841e-01,  2.79957147e-01)
 ( 60,  50.11041105,  86.10542525,  1.23806190e+01,  1.60486180e+00,  1.18647705e+01)
 ( 61,  70.31821282,  86.16476528,  1.41787270e-01,  1.89077163e-01,  8.10124675e-02)
 ( 62,  32.95779988,  86.85049423,  1.12109328e-01,  9.69734102e-01, -1.99590919e-01)
 ( 63,  68.30311686,  88.07571207,  8.80200376e-02,  2.15652355e-01,  1.87032092e-02)
 ( 64, 136.45140316,  89.39965408,  5.89065161e-02,  9.38798506e-02,  2.87308498e-02)
 ( 65,   3.94896257,  89.39935069,  1.40828041e-01,  2.64443339e-01,  5.58283964e-02)
 ( 66, 112.24466761,  92.72074916,  1.01864587e-01, -3.04617185e-01,  1.99777254e-01)
 ( 67,  63.45423857,  93.31724038,  2.44670086e-01,  1.93835388e-01,  1.82365854e-01)
 ( 68,  66.46128223,  92.9676037 ,  1.78033204e-01,  1.77127502e-01,  1.21099364e-01)
 ( 69,  56.23542835,  96.46023544,  1.09085562e-01,  4.79624392e-01, -4.50794213e-02)
 ( 70,  59.86370793,  95.41126732,  1.26835727e-01,  3.41134855e-01,  1.71852381e-02)
 ( 71,  30.26461912,  97.36208071,  5.74337782e-01,  7.47839113e-01,  3.33960925e-01)
 ( 72,  95.80938096,  99.12294955,  4.84566424e-02, -4.54006838e-02,  6.30497193e-02)
 ( 73,   7.30966832, 101.41433604,  3.11949775e-01,  3.82261110e-01,  1.89080133e-01)
 ( 74,  11.57015644, 101.04235675,  2.03165764e-01,  4.38794437e-01,  6.21246949e-02)
 ( 75, 145.94868844, 101.92472209,  1.61904437e-01,  2.16788567e-02,  1.54936233e-01)
 ( 76,  26.6102426 , 102.56397008,  5.17777605e-01,  6.07078512e-01,  3.22645226e-01)
 ( 77,  76.11961652, 104.15081709,  1.37171160e-01,  7.57923321e-02,  1.12809339e-01)
 ( 78, 122.82875149, 104.46437012,  6.65221431e-02,  7.84203624e-02,  4.13155980e-02)
 ( 79, 174.37308412, 102.39861047,  4.53275113e-02, -4.95238150e-02,  6.12458804e-02)
 ( 80,  23.91635219, 104.50151873,  4.77299945e-01,  5.97458358e-01,  2.85259759e-01)
 ( 81, 161.61507602, 103.79869632,  9.66817684e-02, -2.19009167e-02,  1.03721349e-01)
 ( 82, 148.4628251 , 105.95128858,  5.52100404e-02, -4.07159481e-02,  6.82973094e-02)
 ( 83, 198.53184331, 108.08294213,  1.19774028e-02,  1.24197520e-01, -2.79432286e-02)
 ( 84,  77.55694033, 108.9489742 ,  2.05900854e-01,  1.16494023e-01,  1.68456347e-01)
 ( 85,  17.15464586, 111.59826965,  4.13114226e-01,  5.72391892e-01,  2.29131118e-01)
 ( 86, 177.72214686, 110.61706024,  6.25787286e-02, -3.60359493e-01,  1.78408566e-01)
 ( 87,  12.14977878, 112.1331551 ,  2.65075210e-01,  6.58470429e-01,  5.34240009e-02)
 ( 88,  15.48192566, 113.38209585,  4.05356779e-01,  6.00492332e-01,  2.12341387e-01)
 ( 89,  23.70351078, 115.89774259,  1.45332545e-01,  5.05440402e-01, -1.71304412e-02)
 ( 90, 114.13002413, 119.77419785, -2.03897287e-02, -8.84645780e-03, -1.75462244e-02)
 ( 91,  58.68144209, 119.31365342,  2.01465922e-01, -3.98899921e-02,  2.14287705e-01)
 ( 92, 155.37369941, 121.57183188,  1.75675111e-01, -2.28425637e-02,  1.83017364e-01)
 ( 93, 180.91804839, 122.85825714,  1.45484866e-01,  3.34092829e-01,  3.80978852e-02)
 ( 94,  11.22767107, 128.46210379,  3.83216192e-01,  5.52406509e-01,  2.05656957e-01)
 ( 95,  26.43949646, 129.45317066,  2.73286429e-01,  2.16044601e-01,  2.03843522e-01)
 ( 96, 151.86098758, 128.73360171,  2.81568348e-02,  1.02239267e-01, -4.70578659e-03)
 ( 97, 144.58243292, 130.06448723, -2.75610617e-02,  1.71144949e-02, -3.30621494e-02)
 ( 98, 139.33451915, 133.20119739,  4.13811361e-02,  8.01170872e-02,  1.56292152e-02)
 ( 99,  83.87841947, 135.28145944,  4.02317131e-02,  1.61480453e-02,  3.50412700e-02)
 (100, 115.05841545, 135.89048186,  6.94041417e-02, -5.89643145e-02,  8.83569571e-02)
 (101, 157.42482247, 136.92725373,  1.75317222e-01,  2.07687131e-01,  1.08560644e-01)
 (102, 143.40076311, 138.41166717,  6.31520303e-02, -4.95068056e-02,  7.90649321e-02)
 (103, 170.08201346, 138.43947276, -4.90746604e-02,  3.64832769e-01, -1.66342336e-01)
 (104, 174.22838373, 137.75577463, -5.99960105e-02,  2.49884524e-02, -6.80280130e-02)
 (105,  75.97892265, 139.1393843 ,  1.44459799e-01,  3.03750714e-01,  4.68256410e-02)
 (106, 115.86334804, 139.68840653,  3.10171087e-02, -2.65557138e-01,  1.16374760e-01)
 (107, 125.48482746, 142.94901831,  2.40985355e-01, -3.24487188e-01,  3.45284808e-01)
 (108,   9.88889145, 143.6063091 ,  1.94568497e-01,  6.90465022e-01, -2.73666887e-02)
 (109,  20.71070691, 143.93703351,  1.16719815e-01,  5.48930332e-01, -5.97220777e-02)
 (110,  49.80418557, 146.42217945,  9.43800179e-02,  2.64113678e-01,  9.48633583e-03)
 (111, 152.93747598, 146.46515029,  3.88665206e-01, -1.26655865e-03,  3.89072314e-01)
 (112,  77.30372452, 149.353874  ,  2.75288129e-01,  1.11955608e-01,  2.39302398e-01)
 (113, 110.70311993, 149.85432046, -3.30164532e-02, -3.80697653e-02, -2.07797429e-02)
 (114, 197.1750526 , 149.74822963,  1.64232809e-01, -6.71725068e-02,  1.85823972e-01)
 (115, 193.87784315, 154.42117534,  7.03872638e-02, -2.59500809e-02,  7.87283613e-02)
 (116,  24.45784688, 156.51873375,  2.23192491e-01,  7.22985824e-01, -9.19580975e-03)
 (117, 117.53781754, 156.70322544,  9.47593535e-02, -3.43811090e-01,  2.05270061e-01)
 (118, 172.33313616, 156.80364365,  1.83856202e-01, -4.00090292e-01,  3.12456653e-01)
 (119,  39.57934815, 157.44651383,  5.97174214e-02,  2.27605062e-01, -1.34413485e-02)
 (120,  46.5671491 , 158.43037662,  2.25118939e-01,  5.09773294e-01,  6.12632373e-02)
 (121, 138.91545403, 159.42665951,  3.33624632e-01, -6.08895164e-02,  3.53196262e-01)
 (122, 141.37251658, 161.45241693,  2.10662591e-01,  2.28503081e-01,  1.37215172e-01)
 (123, 111.29986269, 165.75768751,  1.14150630e-01, -3.03097093e-01,  2.11574695e-01)
 (124,   1.02208952, 168.1557225 ,  4.79798728e-01, -1.68275866e-01,  5.33887399e-01)
 (125, 188.94783088, 168.30586639, -2.22625445e-02, -1.96965006e-01,  4.10476360e-02)
 (126,  62.11616528, 170.41270031,  2.11620634e-01,  2.51402816e-01,  1.30812586e-01)
 (127, 159.39469776, 170.87629856,  2.20885712e-01,  2.18350418e-01,  1.50701649e-01)
 (128,  93.47375321, 172.60256706,  8.57351551e-02,  1.40440272e-01,  4.05936389e-02)
 (129,  27.16206725, 175.14471478,  3.54239054e-01,  7.52014009e-01,  1.12520266e-01)
 (130, 182.81750175, 173.83952677,  1.07150948e-01, -6.07686408e-02,  1.26683725e-01)
 (131, 121.60401885, 177.01112215,  3.02319307e-01,  9.26003418e-02,  2.72554911e-01)
 (132,  79.91448693, 181.55620932,  2.91277102e-01,  4.67927110e-01,  1.40871959e-01)
 (133, 193.13693327, 183.84432679,  8.84425618e-02,  1.09929253e-01,  5.31081592e-02)
 (134,  39.5023812 , 185.16725589,  2.94270331e-01,  8.92176429e-01,  7.49933551e-03)
 (135,  92.78236469, 184.85947252,  2.13201821e-01,  4.18462324e-01,  7.86960745e-02)
 (136,  99.98387501, 187.06503154,  1.99896226e-01,  5.55369049e-01,  2.13847462e-02)
 (137, 188.35526786, 187.1895283 ,  1.79751459e-01,  1.43280761e-01,  1.33696929e-01)
 (138,  13.58193423, 190.644477  ,  4.83561170e-01,  1.59453515e+00, -2.89679850e-02)
 (139, 188.54881811, 190.79000094,  1.96240394e-01,  5.33894265e-02,  1.79079507e-01)
 (140,  78.27702962, 192.88243658,  2.55723515e-01,  6.44029618e-01,  4.87139950e-02)
 (141, 124.69082898, 193.21194017,  8.61144188e-02,  3.80214954e-01, -3.60975308e-02)
 (142,  13.89312939, 194.55500335,  5.76565147e-01,  1.19338866e+00,  1.92975934e-01)
 (143,  47.91456648, 194.47577614,  4.45828616e-01,  9.55223657e-01,  1.38792440e-01)
 (144,  11.09915496, 197.28364192,  6.82991231e-01,  1.06563761e+00,  3.40464856e-01)
 (145,  16.57698985, 197.18862814,  5.93095200e-01,  9.95463366e-01,  2.73124832e-01)
 (146,  56.17724196, 198.29520132,  2.32037505e-01,  7.30247289e-01, -2.68483816e-03)
 (147,  61.08666436, 198.20236938,  2.46524495e-01,  6.91633830e-01,  2.42136212e-02)]
