[-2.16164597e-02  1.90032699e-01  2.88510882e-01  3.04831168e-01
  3.52950161e-01  1.01233469e-01  9.67359361e-02  2.29908233e-01
  4.71638638e-02 -4.43895280e-02  2.24009535e-01 -1.93955706e-02
  6.80781400e-02  8.86203306e-03 -8.54417531e-02  2.36819952e-01
  3.76753479e-02  1.78670974e-03  2.72726229e-02  1.39143536e-01
  1.26804227e-01  4.66382842e-02  6.02150256e-02  1.72863343e-03
  2.25731855e-01  1.58073797e-02  8.03512446e-02  2.35969827e-01
  2.21200634e-01  9.70229104e-02  9.72681932e-02  4.00217531e-01
  1.41662279e-01 -7.33839924e-02  1.08416425e-01  1.61108156e-01
  1.27456101e+00  7.80890768e-02  1.36480768e-01 -5.78601403e-02
  6.51838823e-02  6.01979072e-02  5.49588803e-02 -2.12668833e-01
  4.82683552e-02  5.04093216e-02  5.59217592e-01  8.49413913e-02
  5.49969080e-02 -5.36593544e-02  2.01731628e-01 -5.71156791e-03
 -2.43114065e-02  6.39673440e-02  1.45586025e-01  4.01555397e-02
 -9.48941222e-03  4.12579418e-02  2.79957147e-01  1.18647705e+01
  8.10124675e-02 -1.99590919e-01  1.87032092e-02  2.87308498e-02
  5.58283964e-02  1.99777254e-01  1.82365854e-01  1.21099364e-01
 -4.50794213e-02  1.71852381e-02  3.33960925e-01  6.30497193e-02
  1.89080133e-01  6.21246949e-02  1.54936233e-01  3.22645226e-01
  1.12809339e-01  4.13155980e-02  6.12458804e-02  2.85259759e-01
  1.03721349e-01  6.82973094e-02 -2.79432286e-02  1.68456347e-01
  2.29131118e-01  1.78408566e-01  5.34240009e-02  2.12341387e-01
 -1.71304412e-02 -1.75462244e-02  2.14287705e-01  1.83017364e-01
  3.80978852e-02  2.05656957e-01  2.03843522e-01 -4.70578659e-03
 -3.30621494e-02  1.56292152e-02  3.50412700e-02  8.83569571e-02
  1.08560644e-01  7.90649321e-02 -1.66342336e-01 -6.80280130e-02
  4.68256410e-02  1.16374760e-01  3.45284808e-01 -2.73666887e-02
 -5.97220777e-02  9.48633583e-03  3.89072314e-01  2.39302398e-01
 -2.07797429e-02  1.85823972e-01  7.87283613e-02 -9.19580975e-03
  2.05270061e-01  3.12456653e-01 -1.34413485e-02  6.12632373e-02
  3.53196262e-01  1.37215172e-01  2.11574695e-01  5.33887399e-01
  4.10476360e-02  1.30812586e-01  1.50701649e-01  4.05936389e-02
  1.12520266e-01  1.26683725e-01  2.72554911e-01  1.40871959e-01
  5.31081592e-02  7.49933551e-03  7.86960745e-02  2.13847462e-02
  1.33696929e-01 -2.89679850e-02  1.79079507e-01  4.87139950e-02
 -3.60975308e-02  1.92975934e-01  1.38792440e-01  3.40464856e-01
  2.73124832e-01 -2.68483816e-03  2.42136212e-02]
