[-3.04727553e-02  1.93628740e-01  2.88418381e-01  3.04071518e-01
  3.52950161e-01  1.01233469e-01  9.67359361e-02  2.29908234e-01
  4.71638632e-02 -4.43895289e-02  2.24971692e-01 -1.93955719e-02
  6.80781402e-02  8.86203232e-03 -8.54417560e-02  2.36819952e-01
  3.76753479e-02  1.78670961e-03  2.72726221e-02  1.39143535e-01
  1.26804225e-01  4.66382846e-02  6.02150273e-02  1.72863383e-03
  2.25731859e-01  1.58073794e-02  8.03512471e-02  2.35969828e-01
  2.21200637e-01  9.70229170e-02  9.72681931e-02  4.00217532e-01
  1.41662279e-01 -7.33839915e-02  1.08416426e-01  1.61108153e-01
  1.27456101e+00  7.80890773e-02  1.36480768e-01 -5.78601410e-02
  6.51838820e-02  6.01979093e-02  5.49588798e-02 -2.12668829e-01
  4.82683546e-02  5.04093171e-02  5.59217592e-01  8.49413915e-02
  5.49969081e-02 -5.36593543e-02  2.01731627e-01 -5.71156712e-03
 -2.43114071e-02  6.39673442e-02  1.45586026e-01  4.01555396e-02
 -9.48941182e-03  4.12579423e-02  2.79957147e-01  1.18647705e+01
  8.10124672e-02 -1.99590919e-01  1.87032091e-02  2.87308494e-02
  5.58283971e-02  1.99777254e-01  1.82365855e-01  1.21099366e-01
 -4.50794225e-02  1.71852377e-02  3.33960928e-01  6.30497197e-02
  1.89080133e-01  6.21246940e-02  1.54936233e-01  3.22645226e-01
  1.12809346e-01  4.13155980e-02  6.12458804e-02  2.85259760e-01
  1.03721349e-01  6.82973099e-02 -2.56800492e-02  1.68456347e-01
  2.29131118e-01  1.78408566e-01  5.34240029e-02  2.12341387e-01
 -1.71304400e-02 -1.75462231e-02  2.14287705e-01  1.83017364e-01
  3.80978854e-02  1.97406380e-01  2.03843522e-01 -4.70578685e-03
 -3.30621504e-02  1.56292152e-02  3.50412700e-02  8.83569557e-02
  1.08560645e-01  7.90649320e-02 -1.66342335e-01 -6.80280137e-02
  4.68256410e-02  1.16374760e-01  3.45284801e-01 -2.73666887e-02
 -5.97220772e-02  9.48633544e-03  3.89072314e-01  2.39302400e-01
 -2.07797430e-02  1.85823972e-01  7.87283621e-02 -9.19581064e-03
  2.05270059e-01  3.12456651e-01 -1.34413480e-02  6.12632373e-02
  3.53196259e-01  1.37215172e-01  2.11574696e-01  5.36998274e-01
  4.10476356e-02  1.30812586e-01  1.50701650e-01  4.05936364e-02
  1.12520264e-01  1.26683730e-01  2.72554909e-01  1.40871960e-01
  5.31081611e-02  7.49933604e-03  7.86960749e-02  2.13847464e-02
  1.33696929e-01 -2.89679854e-02  1.79079507e-01  4.87139948e-02
 -3.60975314e-02  1.92975939e-01  1.38792438e-01  3.40464857e-01
  2.68855423e-01  4.14334603e-04  3.28635698e-02]
