295.251258 40.163216 5261.210000 3661.590000 14.558000 13.855000
295.274265 40.180976 3023.340000 3277.090000 14.724000 14.105000
295.282715 40.185994 2313.510000 3057.710000 14.715000 14.085500
295.278594 40.162922 4195.450000 2090.670000 14.760000 14.204000
295.277264 40.166414 3988.370000 2348.190000 14.876000 13.970500
295.300264 40.183578 1795.130000 1933.660000 14.994000 14.446500
295.253443 40.186646 3429.350000 4756.880000 15.031000 14.423000
295.260502 40.171939 4243.810000 3589.640000 14.936000 14.232000
295.267289 40.173207 3879.420000 3269.420000 15.083000 14.461000
295.267952 40.191882 2462.400000 4204.080000 15.104000 14.507500
295.274936 40.195117 1943.690000 3975.300000 15.110000 14.457000
295.285242 40.164576 3807.720000 1798.480000 15.256000 14.659000
295.281861 40.175069 3161.030000 2537.310000 15.249000 14.634000
295.274042 40.180636 3057.590000 3272.060000 15.209000 14.517500
295.263937 40.195666 2340.270000 4629.440000 15.249000 14.371000
295.262069 40.178955 3659.020000 3865.730000 15.241000 14.604500
295.238612 40.180400 4484.270000 5275.650000 15.387000 14.783000
295.255272 40.170937 4526.530000 3835.050000 15.436000 14.844500
295.300249 40.183104 1831.050000 1909.840000 15.386000 14.789500
295.277844 40.174214 3384.530000 2721.330000 15.265000 14.592500
295.250768 40.181665 3906.630000 4649.820000 15.551000 14.941500
295.244634 40.177035 4495.450000 4757.890000 15.566000 14.840500
295.241926 40.174814 4768.500000 4796.390000 15.496000 14.884000
295.284814 40.178983 2752.110000 2573.170000 15.588000 14.979500
295.300425 40.185537 1642.890000 2026.600000 15.673000 15.141667
295.258628 40.199897 2236.280000 5151.710000 15.531000 14.926500
295.276028 40.165995 4068.750000 2396.680000 15.728000 15.076000
295.306806 40.183674 1527.590000 1566.660000 15.813000 15.245667
295.262262 40.162255 4894.950000 2985.320000 15.687000 15.108000
295.262972 40.175518 3879.020000 3635.400000 15.624000 15.021000
295.291330 40.174903 2796.540000 1989.980000 15.815000 15.052000
295.279907 40.188323 2251.870000 3338.680000 15.884000 15.269500
295.264594 40.176647 3730.490000 3601.880000 15.784000 15.161500
295.258024 40.181122 3658.530000 4208.680000 15.822000 15.078000
295.279554 40.166273 3907.680000 2210.510000 15.831000 15.216500
295.294447 40.179336 2342.430000 2043.580000 16.007000 15.431500
295.237624 40.175909 4858.070000 5098.170000 15.720000 15.088000
295.270701 40.165714 4301.670000 2685.140000 15.791000 15.163500
295.261788 40.166563 4593.010000 3236.600000 15.870000 15.191500
295.293187 40.172688 2887.510000 1768.970000 15.938000 15.240000
295.274223 40.156288 4863.360000 1993.910000 15.768000 15.012500
295.255886 40.196646 2587.480000 5138.430000 16.058000 15.291500
295.240359 40.179389 4490.100000 5123.640000 16.086000 15.430000
295.280247 40.181328 2759.140000 2955.130000 16.094000 15.461500
295.236243 40.171136 5268.490000 4928.370000 16.168000 15.510000
295.279668 40.184782 2525.050000 3167.920000 16.233000 15.610500
295.281941 40.166372 3805.330000 2079.840000 16.191000 15.537000
295.254419 40.200383 2367.510000 5416.420000 16.274000 15.615500
295.290301 40.184128 2150.640000 2528.990000 16.359000 15.723000
295.279467 40.182998 2665.890000 3086.450000 16.274000 15.604000
295.253187 40.197112 2660.070000 5316.270000 16.422000 15.708500
295.292347 40.175339 2723.550000 1954.860000 16.417000 15.753000
295.255383 40.167211 4799.570000 3634.770000 16.389000 15.748000
295.241042 40.185118 4036.240000 5382.960000 16.398000 15.587000
295.303332 40.185133 1557.290000 1840.180000 16.523000 15.947750
295.269861 40.179652 3297.200000 3458.660000 16.348000 15.644000
295.259085 40.199492 2248.280000 5104.660000 16.529000 15.840000
295.293059 40.183558 2083.350000 2342.470000 16.607000 15.954500
295.256228 40.164632 4958.030000 3452.500000 16.567000 15.928000
295.273854 40.166604 4109.900000 2552.050000 16.515000 15.812500
295.292660 40.178863 2448.780000 2120.580000 16.647000 16.001500
295.278487 40.163271 4173.730000 2114.860000 16.460000 15.776000
295.257002 40.200095 2286.220000 5254.540000 16.769000 16.030500
295.295093 40.183474 2008.630000 2222.400000 16.921000 16.270000
295.241819 40.171668 5007.140000 4638.730000 16.935000 15.968000
295.263244 40.188957 2867.430000 4319.610000 17.056000 16.401500
295.267274 40.171302 4021.860000 3171.110000 16.990000 16.257500
295.251730 40.160528 5442.580000 3494.840000 17.030000 16.327000
295.243728 40.182344 4136.050000 5085.710000 17.160000 16.442000
295.263282 40.179754 3551.270000 3838.310000 17.156000 16.510000
295.260226 40.190507 2872.030000 4572.000000 17.194000 16.512500
295.252135 40.174858 4359.230000 4217.700000 17.153000 16.493000
295.253974 40.197255 2618.080000 5278.940000 17.190000 16.557000
295.244209 40.189263 3601.610000 5418.450000 17.287000 16.595500
295.276645 40.181734 2872.260000 3181.150000 17.349000 16.645500
295.246972 40.193045 3210.040000 5458.140000 17.407000 16.793000
295.263667 40.177172 3728.210000 3682.000000 17.452000 16.784000
295.279245 40.196093 1699.600000 3780.990000 17.429000 16.811000
295.233542 40.183741 4436.960000 5738.070000 18.022000 17.046000
295.248675 40.193623 3099.300000 5391.360000 18.427000 17.499000
295.256350 40.206054 1868.360000 5601.810000 18.460000 17.751500
295.226130 40.171985 5607.350000 5548.170000 18.484000 17.815500
295.318318 40.178244 1473.510000 628.970000 18.725000 17.928500
295.232397 40.181343 4661.100000 5678.430000 18.779000 17.975000
295.270548 40.148033 5624.320000 1773.280000 18.768000 18.000750
295.267541 40.157933 5006.790000 2459.820000 18.877000 17.782000
295.250206 40.182899 3837.130000 4746.020000 18.956000 18.142000
295.330566 40.189771 127.910000 533.180000 18.994000 17.928000
295.273423 40.204963 1270.680000 4574.010000 18.991000 18.285500
295.295035 40.170735 2959.350000 1562.130000 19.004000 18.283500
295.256729 40.188166 3185.450000 4649.030000 19.013000 18.155000
295.306858 40.189727 1074.920000 1879.050000 19.023000 18.155000
295.264296 40.154566 5386.660000 2469.200000 19.079000 17.960500
295.320992 40.178560 1343.580000 493.340000 19.117000 18.073500
295.321244 40.194883 118.550000 1329.620000 19.128000 18.138250
295.243451 40.172389 4888.520000 4583.420000 19.157000 18.161000
295.305736 40.195137 716.790000 2224.660000 19.232000 18.103000
295.254892 40.169474 4650.540000 3780.570000 19.263000 18.273000
295.311461 40.165108 2724.350000 334.530000 19.286000 18.560667
295.254850 40.159522 5393.410000 3264.850000 19.282000 18.544000
295.239968 40.180215 4444.150000 5188.890000 19.291000 18.522500
295.259095 40.155613 5515.630000 2819.740000 19.324000 18.491500
295.259638 40.156550 5424.190000 2837.650000 19.343000 18.592500
295.240842 40.168004 5318.870000 4503.640000 19.365000 18.026500
295.238452 40.166391 5534.070000 4555.740000 19.463000 17.671000
295.269242 40.203753 1527.080000 4748.830000 19.490000 18.316000
295.287067 40.154320 4498.650000 1160.520000 19.521000 18.633000
295.305392 40.190869 1048.250000 2021.840000 19.539000 18.662500
295.304039 40.159090 3467.840000 443.250000 19.575000 18.620250
295.307693 40.170880 2444.760000 849.600000 19.568000 18.630333
295.299746 40.167574 3007.240000 1129.460000 19.581000 18.698500
295.233838 40.184329 4381.430000 5751.780000 19.601000 18.963500
295.294675 40.166002 3326.090000 1336.030000 19.599000 18.757500
295.255795 40.165022 4946.190000 3497.380000 19.606000 18.377000
295.320424 40.195948 71.880000 1431.770000 19.626000 18.391500
295.249580 40.185783 3647.170000 4931.760000 19.650000 18.879000
295.246925 40.195390 3037.250000 5582.850000 19.673000 19.052000
295.241075 40.185468 4008.840000 5399.260000 19.678000 19.037500
295.316847 40.170197 2131.080000 293.300000 19.684000 18.961500
295.227730 40.173116 5459.470000 5515.990000 19.791000 18.179000
295.323548 40.182735 930.980000 565.580000 19.791000 19.015500
295.223717 40.174571 5510.660000 5820.060000 19.820000 19.131000
295.241916 40.163668 5599.100000 4216.890000 19.823000 19.145000
295.304000 40.166622 2908.750000 837.870000 19.844000 18.987500
295.328149 40.182180 789.150000 274.970000 19.850000 18.929500
295.248561 40.165261 5216.160000 3921.600000 19.864000 18.049500
295.269642 40.152601 5320.240000 2062.680000 19.868000 18.577500
295.236687 40.182805 4381.670000 5510.360000 19.900000 19.024000
295.245873 40.165729 5288.190000 4098.920000 19.898000 18.596500
295.311264 40.168647 2468.740000 530.140000 19.929000 19.212000
295.304370 40.162608 3192.810000 607.700000 19.938000 18.139333
295.244605 40.166344 5292.820000 4203.110000 19.949000 18.697500
295.304310 40.159223 3447.180000 434.760000 20.061000 19.070250
295.253451 40.170966 4596.770000 3940.230000 20.063000 18.677000
295.300499 40.198210 696.420000 2682.580000 20.062000 18.101000
295.310742 40.196952 382.510000 2034.550000 20.105000 19.305000
295.283851 40.153718 4671.560000 1312.140000 20.112000 18.575000
295.253715 40.200709 2371.170000 5473.490000 20.111000 18.774000
295.236112 40.176075 4905.800000 5192.870000 20.106000 19.494500
295.293991 40.196054 1115.870000 2940.350000 20.127000 18.468000
295.268134 40.207089 1322.710000 4985.470000 20.132000 19.326000
295.332150 40.184120 485.420000 148.580000 20.151000 19.556500
295.245357 40.180924 4177.050000 4919.120000 20.140000 18.221000
295.323136 40.189910 413.350000 962.930000 20.161000 18.745333
295.311962 40.172482 2155.540000 690.220000 20.178000 19.230000
295.285560 40.195924 1460.970000 3413.050000 20.182000 18.798000
295.297626 40.206475 195.450000 3276.480000 20.215000 19.218333
295.252497 40.200718 2418.910000 5543.230000 20.220000 19.500500
295.268916 40.187903 2720.390000 3942.050000 20.252000 18.817000
295.246529 40.176308 4474.260000 4612.190000 20.284000 18.542000
295.287612 40.160416 4023.140000 1446.970000 20.315000 18.795500
295.235824 40.176480 4887.070000 5230.360000 20.319000 19.406500
295.227384 40.178751 5053.460000 5828.890000 20.348000 19.759000
295.313827 40.197980 183.220000 1912.700000 20.384000 18.923000
295.305158 40.169992 2611.740000 947.570000 20.427000 18.513000
295.243875 40.191681 3434.760000 5563.360000 20.465000 18.760500
295.252565 40.162239 5281.970000 3536.380000 20.504000 19.318000
295.232519 40.169348 5549.730000 5047.340000 20.503000 19.722000
295.241887 40.189130 3703.800000 5543.670000 20.537000 18.853500
295.282642 40.197699 1444.910000 3671.460000 20.536000 18.249500
295.332468 40.189021 107.990000 385.940000 20.571000 19.327000
295.301053 40.206299 72.220000 3072.400000 20.577000 19.865667
295.325832 40.179963 1046.440000 291.200000 20.612000 19.857500
295.322626 40.183495 911.140000 657.610000 20.654000 19.166500
295.290970 40.157390 4114.700000 1098.300000 20.669000 19.015500
295.283719 40.193050 1748.210000 3368.080000 20.688000 19.156000
295.284500 40.190484 1908.230000 3189.970000 20.714000 19.180500
295.267512 40.206002 1428.450000 4964.280000 20.729000 19.951000
295.280564 40.154066 4776.410000 1517.340000 20.765000 19.105000
295.243372 40.169262 5124.560000 4425.100000 20.771000 19.514500
295.298369 40.157011 3848.370000 657.560000 20.781000 19.924000
295.302426 40.190197 1216.350000 2155.530000 20.781000 19.678000
295.271678 40.211474 855.270000 5012.280000 20.788000 19.954500
295.314340 40.185300 1106.660000 1222.850000 20.793000 18.571000
295.293661 40.204769 480.210000 3413.070000 20.788000 19.260750
295.248946 40.198693 2710.940000 5639.780000 20.801000 20.142000
295.236769 40.179553 4620.670000 5336.480000 20.836000 19.671000
295.308038 40.200685 212.190000 2382.810000 20.833000 19.030500
295.291486 40.158272 4028.540000 1114.850000 20.868000 20.097500
295.250959 40.189381 3324.460000 5040.570000 20.901000 19.971000
295.285840 40.147986 5019.130000 900.440000 20.915000 19.275500
295.285931 40.206542 655.690000 3944.970000 20.936000 20.088500
295.270710 40.177718 3407.410000 3309.670000 20.952000 19.286000
295.288502 40.156053 4312.520000 1169.090000 20.981000 19.113500
295.244307 40.193991 3245.550000 5658.960000 20.988000 20.037000
295.311998 40.175689 1915.330000 855.310000 21.003000 19.257000
295.289473 40.207969 408.500000 3817.850000 21.047000 20.478333
295.290980 40.199275 995.880000 3279.370000 21.054000 19.916500
295.320780 40.177636 1420.810000 457.260000 21.071000 19.971500
295.309221 40.170024 2447.570000 718.090000 21.091000 20.280000
295.232456 40.179699 4781.280000 5589.540000 21.107000 20.133500
295.271129 40.206705 1232.210000 4795.150000 21.119000 20.349500
295.240030 40.188126 3852.470000 5597.060000 21.132000 19.913500
295.280977 40.208811 683.810000 4344.810000 21.134000 20.252500
295.286111 40.190575 1837.370000 3103.070000 21.141000 20.783000
295.254397 40.194102 2836.070000 5090.730000 21.148000 19.439000
295.265497 40.204510 1619.680000 5001.170000 21.165000 19.614000
295.286650 40.206722 613.720000 3913.420000 21.155000 20.189500
295.271523 40.212715 769.050000 5085.660000 21.176000 19.568500
295.232632 40.180498 4714.730000 5621.070000 21.187000 20.199000
295.305357 40.157176 3557.880000 268.580000 21.209000 20.170667
295.314546 40.167460 2426.470000 281.570000 21.201000 19.469667
295.330804 40.187271 304.480000 389.380000 21.215000 19.520500
295.260962 40.155046 5483.550000 2684.020000 21.225000 20.097500
295.239409 40.170773 5169.580000 4729.320000 21.254000 19.773000
295.319645 40.180732 1235.500000 683.170000 21.263000 19.515000
295.321944 40.179580 1229.740000 492.350000 21.292000 20.157000
295.287983 40.159608 4068.520000 1383.790000 21.314000 19.918500
295.313758 40.198614 138.710000 1949.680000 21.349000 19.593000
295.313536 40.172026 2126.750000 576.950000 21.363000 20.421333
295.248445 40.198612 2736.860000 5664.110000 21.369000 20.085000
295.231117 40.173711 5280.510000 5354.130000 21.424000 20.461500
295.296078 40.163140 3483.260000 1107.160000 21.426000 19.345000
295.305763 40.165257 2940.150000 666.420000 21.438000 19.645000
295.245811 40.193557 3218.070000 5550.860000 21.459000 19.984500
295.328707 40.189131 249.530000 605.540000 21.475000 20.413500
295.302396 40.195429 828.010000 2429.770000 21.483000 20.280000
295.322504 40.188972 508.330000 949.990000 21.493000 19.435667
295.260060 40.160570 5108.100000 3022.930000 21.508000 20.684500
295.292616 40.162220 3689.610000 1256.180000 21.541000 19.716000
295.275629 40.202480 1367.870000 4319.300000 21.542000 20.604000
295.278699 40.150380 5125.180000 1431.520000 21.557000 19.564000
295.315921 40.171404 2078.080000 408.890000 21.571000 19.653000
295.268410 40.202069 1685.550000 4708.430000 21.572000 20.407000
295.265353 40.203244 1719.610000 4943.480000 21.576000 20.054000
295.294167 40.168070 3192.300000 1472.680000 21.579000 20.711000
295.309570 40.193502 685.960000 1921.480000 21.610000 19.983000
295.283309 40.207206 710.560000 4128.600000 21.619000 19.784667
295.271288 40.209917 986.740000 4953.360000 21.630000 20.004000
295.237557 40.169586 5331.680000 4772.970000 21.643000 20.141500
295.312779 40.164978 2681.600000 252.770000 21.675000 19.802500
295.282316 40.207003 765.110000 4174.540000 21.674000 20.890000
295.241289 40.169416 5195.890000 4551.720000 21.682000 20.024500
295.258077 40.206715 1750.510000 5537.990000 21.679000 19.858500
295.231940 40.182012 4629.470000 5739.250000 21.698000 19.838500
295.241008 40.169539 5197.930000 4574.130000 21.701000 20.057500
295.244198 40.188297 3674.000000 5368.780000 21.732000 20.155000
295.256449 40.171061 4470.460000 3774.540000 21.731000 20.696000
295.285136 40.206062 723.080000 3965.150000 21.736000 20.317000
295.301401 40.200170 514.680000 2733.370000 21.739000 19.746000
295.251727 40.197490 2689.950000 5418.970000 21.776000 20.709500
295.235134 40.172717 5194.820000 5073.820000 21.784000 20.896500
295.277867 40.153551 4922.150000 1643.980000 21.796000 20.506000
295.235773 40.179722 4647.660000 5401.990000 21.803000 20.018000
295.324904 40.175828 1391.130000 128.490000 21.820000 20.279000
295.238289 40.171446 5164.010000 4828.060000 21.809000 20.521500
295.258048 40.188021 3143.810000 4566.430000 21.857000 21.186000
295.314933 40.171045 2144.220000 446.360000 21.851000 20.821333
295.279551 40.208450 767.380000 4407.090000 21.868000 19.544500
295.234569 40.177134 4888.300000 5335.780000 21.875000 19.984500
295.275799 40.208100 942.690000 4602.220000 21.877000 20.000500
295.261363 40.173132 4120.730000 3602.740000 21.897000 21.419000
295.313418 40.174549 1943.660000 715.160000 21.916000 20.773667
295.283680 40.207324 686.970000 4113.680000 21.917000 20.231500
295.301780 40.186926 1485.540000 2021.900000 21.939000 20.039500
295.245070 40.183217 4017.680000 5054.810000 21.971000 21.068000
295.232385 40.168426 5623.740000 5007.000000 21.999000 20.760500
295.323919 40.177016 1341.920000 246.420000 22.051000 20.991500
295.296887 40.178381 2316.410000 1855.030000 22.054000 21.307000
295.312815 40.182326 1388.720000 1154.620000 22.066000 19.796250
295.240282 40.188602 3806.930000 5607.530000 22.078000 20.926000
295.301533 40.201906 380.190000 2816.280000 22.093000 20.099000
295.308605 40.166072 2766.290000 547.210000 22.116000 20.252000
295.270057 40.184902 2898.380000 3720.900000 22.116000 20.966500
295.284774 40.205811 756.150000 3972.630000 22.111000 20.054500
295.323530 40.183683 861.190000 615.990000 22.118000 20.913000
295.258519 40.205261 1841.180000 5437.130000 22.125000 20.518500
295.316848 40.181083 1320.710000 860.530000 22.124000 20.215500
295.317808 40.171012 2032.170000 281.100000 22.130000 21.146667
295.319383 40.169715 2066.020000 123.950000 22.161000 20.795500
295.247408 40.168238 5040.350000 4142.140000 22.167000 20.677000
295.238617 40.164952 5634.680000 4471.440000 22.180000 20.137000
295.235182 40.181983 4502.740000 5553.220000 22.192000 20.507500
295.239639 40.187917 3883.500000 5608.460000 22.195000 19.879000
295.283816 40.154979 4579.000000 1379.850000 22.205000 21.204000
295.226602 40.175319 5340.230000 5694.790000 22.210000 20.757500
295.310235 40.163981 2857.100000 345.570000 22.219000 20.900333
295.234252 40.185064 4310.240000 5766.530000 22.239000 20.896000
295.296380 40.197768 893.240000 2893.760000 22.240000 20.830500
295.314131 40.197345 218.390000 1862.310000 22.246000 20.281750
295.264318 40.151147 5640.390000 2289.960000 22.238000 19.776000
295.276014 40.211592 674.080000 4771.880000 22.254000 20.795500
295.247550 40.164329 5325.810000 3930.550000 22.341000 19.934000
295.314945 40.186827 968.970000 1268.020000 22.331000 20.276000
295.241572 40.190850 3588.270000 5651.110000 22.352000 21.253500
295.315907 40.184978 1068.280000 1116.970000 22.365000 20.358500
295.315868 40.169455 2225.290000 310.320000 22.379000 20.187500
295.290576 40.207135 426.770000 3711.700000 22.375000 21.368500
295.265258 40.206301 1495.740000 5108.030000 22.395000 20.333500
295.309820 40.192238 770.090000 1841.370000 22.427000 20.393000
295.323445 40.174888 1519.230000 162.480000 22.442000 20.532000
295.318738 40.178540 1434.830000 620.510000 22.475000 20.296500
295.282665 40.152673 4796.490000 1325.230000 22.478000 20.389000
295.309807 40.193823 652.670000 1924.700000 22.473000 21.693500
295.296809 40.189234 1511.550000 2424.800000 22.507000 20.765250
295.295769 40.198553 859.160000 2969.380000 22.522000 20.249000
295.303859 40.157735 3575.960000 382.880000 22.519000 20.382000
295.304855 40.159193 3427.700000 402.200000 22.528000 20.145750
295.302202 40.171832 2592.410000 1211.590000 22.532000 20.292333
295.317487 40.192623 436.280000 1425.500000 22.540000 20.428500
295.269326 40.196252 2082.350000 4353.410000 22.553000 20.216000
295.262357 40.163508 4797.920000 3045.100000 22.551000 20.615500
295.292490 40.154462 4272.220000 859.310000 22.563000 21.478000
295.272298 40.152201 5244.350000 1890.640000 22.565000 20.377000
295.258937 40.207774 1637.430000 5544.180000 22.583000 21.411000
295.294902 40.160461 3729.550000 1034.510000 22.597000 20.456500
295.273007 40.212281 742.320000 4978.720000 22.601000 21.667500
295.298933 40.156278 3880.530000 587.240000 22.618000 20.966000
295.231541 40.179510 4831.660000 5631.750000 22.605000 21.214500
295.294114 40.162842 3583.700000 1203.380000 22.623000 20.452000
295.325533 40.181724 927.250000 400.000000 22.673000 21.642500
295.288966 40.188493 1878.770000 2832.280000 22.912000 21.805000
295.245205 40.193526 3244.510000 5583.670000 22.647000 20.718500
295.323756 40.191252 288.830000 997.590000 22.678000 20.554333
295.238451 40.173914 4973.770000 4947.320000 22.690000 21.254000
295.287989 40.157480 4226.730000 1272.580000 22.710000 20.624500
295.312808 40.164895 2686.560000 246.810000 22.785000 20.797500
295.299728 40.205034 219.120000 3081.850000 22.778000 21.287333
295.318173 40.177562 1530.050000 601.670000 22.797000 20.734500
295.254987 40.202690 2173.040000 5504.240000 22.809000 20.078500
295.272353 40.159988 4662.250000 2293.000000 22.811000 21.699000
295.273530 40.206627 1142.580000 4654.520000 22.810000 21.073500
295.307841 40.158657 3348.690000 204.370000 22.838000 20.700500
295.332131 40.189329 98.520000 421.170000 22.860000 20.571667
295.293847 40.195102 1192.510000 2898.960000 22.882000 20.647500
295.317709 40.192600 429.180000 1411.700000 22.895000 20.454000
295.305083 40.202737 177.050000 2657.700000 22.912000 20.888667
295.278612 40.207953 841.680000 4434.610000 22.928000 21.612500
295.270307 40.212179 857.330000 5126.910000 22.959000 20.825000
295.318368 40.177248 1545.690000 574.190000 22.968000 21.695000
295.271902 40.213312 709.470000 5095.230000 22.971000 20.786750
295.258627 40.155538 5539.820000 2842.490000 22.998000 20.320000
295.260385 40.197701 2330.000000 4937.460000 23.003000 21.116500
295.276881 40.203096 1272.200000 4280.150000 23.002000 21.564500
295.303838 40.190595 1130.500000 2095.980000 23.011000 21.084000
295.293708 40.164281 3492.700000 1301.480000 23.014000 21.323750
295.322307 40.189922 445.510000 1010.670000 23.034000 20.839500
295.290839 40.211753 72.470000 3937.260000 23.039000 22.113500
295.300697 40.193848 1013.340000 2444.040000 23.031000 21.816000
295.239524 40.176043 4772.500000 4997.070000 23.047000 20.577000
295.298743 40.207605 66.910000 3271.820000 23.053000 20.884500
295.286928 40.156239 4361.360000 1268.330000 23.094000 21.397333
295.293284 40.165568 3413.800000 1392.580000 23.090000 21.417500
295.313786 40.168542 2376.160000 381.240000 23.093000 20.906667
295.248388 40.193516 3118.700000 5402.050000 23.116000 20.994000
295.330183 40.181838 733.620000 141.530000 23.119000 21.126000
295.317011 40.179197 1454.640000 752.990000 23.142000 21.460500
295.331488 40.189630 101.660000 473.440000 23.150000 21.681000
295.300958 40.202633 348.870000 2886.860000 23.145000 20.997000
295.289516 40.201173 912.790000 3461.430000 23.176000 21.360333
295.284049 40.171131 3367.160000 2207.770000 23.210000 20.967000
295.290221 40.161031 3873.470000 1330.550000 23.224000 20.724500
295.299196 40.198706 711.350000 2782.470000 23.239000 21.147667
295.273553 40.174628 3524.400000 2987.030000 23.264000 21.876500
295.307992 40.173220 2258.630000 954.520000 23.298000 21.041500
295.289135 40.163497 3733.090000 1520.790000 23.303000 21.184667
295.278001 40.199328 1508.260000 4020.160000 23.322000 21.721500
295.242800 40.174756 4738.080000 4743.600000 23.338000 22.132500
295.314466 40.188216 884.540000 1367.640000 23.377000 21.773667
295.279904 40.198212 1515.620000 3853.850000 23.387000 21.192500
295.264061 40.205314 1616.850000 5124.740000 23.372000 21.196500
295.281594 40.197224 1521.970000 3706.290000 23.390000 21.329000
295.304248 40.180067 1897.890000 1524.190000 23.401000 21.185000
295.288662 40.199321 1084.730000 3413.560000 23.404000 21.180500
295.247499 40.190192 3401.560000 5279.630000 23.414000 21.256500
295.251434 40.184458 3672.150000 4757.330000 23.509000 21.266000
295.312823 40.192893 601.850000 1704.740000 23.505000 21.210000
295.301995 40.198096 645.450000 2591.560000 23.518000 22.081500
295.310514 40.191310 811.570000 1753.570000 23.522000 21.523333
295.260355 40.175699 3969.650000 3793.770000 23.566000 21.534000
295.319286 40.177518 1489.080000 536.090000 23.567000 21.795000
295.278176 40.178929 3020.160000 2947.990000 23.573000 22.208500
295.272071 40.202733 1490.550000 4534.760000 23.607000 21.998500
295.272030 40.202585 1503.240000 4529.410000 23.615000 21.859000
295.302921 40.196582 721.260000 2460.050000 23.628000 21.555500
295.282730 40.196806 1507.880000 3619.930000 23.652000 21.384000
295.280991 40.201875 1199.670000 3982.820000 23.651000 22.252500
295.246773 40.188281 3572.800000 5221.480000 23.688000 21.496000
295.291365 40.196880 1158.870000 3132.720000 23.690000 21.494000
295.285346 40.201166 1079.260000 3698.220000 23.707000 21.371000
295.281138 40.157597 4490.720000 1668.570000 23.752000 21.263000
295.283813 40.204824 867.830000 3975.900000 23.745000 21.465000
295.312466 40.188984 907.040000 1521.390000 23.769000 22.139000
295.296696 40.160681 3641.780000 943.870000 23.771000 21.456000
295.289863 40.173033 2994.170000 1976.040000 23.809000 21.761500
295.305592 40.176558 2105.660000 1264.890000 23.852000 21.353000
295.301281 40.175114 2384.780000 1434.940000 23.852000 21.558500
295.298140 40.166920 3119.800000 1186.780000 23.887000 21.689000
295.268940 40.198006 1967.050000 4466.750000 23.914000 22.070500
295.296068 40.167926 3127.410000 1357.060000 23.981000 22.007000
295.298056 40.181948 2004.320000 1974.370000 24.007000 21.842000
295.288748 40.167411 3457.100000 1746.660000 24.099000 21.575500
295.304033 40.175055 2279.640000 1275.270000 24.117000 22.148000
295.312670 40.185130 1185.820000 1308.930000 24.119000 21.826000
295.278832 40.200262 1405.600000 4021.580000 24.121000 21.796000
295.307164 40.189752 1060.880000 1862.940000 24.121000 20.814667
295.280003 40.202947 1159.100000 4094.810000 24.132000 21.825500
295.310235 40.178632 1766.430000 1108.890000 24.181000 21.393500
295.324266 40.180029 5155.720000 4408.530000 14.403000 13.809500
295.369359 40.199395 1918.660000 2854.560000 14.521000 13.939000
295.334686 40.169909 5494.000000 3288.540000 14.600000 13.837500
295.311420 40.188283 5052.670000 5569.140000 14.822000 14.252500
295.349618 40.200156 2648.290000 4016.270000 14.738000 14.121000
295.337311 40.192486 3709.140000 4316.020000 14.726000 14.202500
295.331025 40.208687 2753.580000 5517.780000 14.609000 14.035000
295.334344 40.168568 5607.400000 3238.090000 14.708000 14.105667
295.351206 40.178736 4179.050000 2809.280000 14.799000 14.210000
295.353820 40.200957 2421.330000 3819.190000 14.878000 14.316000
295.374795 40.192494 2215.620000 2185.680000 14.947000 14.360500
295.309788 40.190641 4942.080000 5784.800000 14.816000 14.250000
295.327952 40.184203 4698.220000 4416.440000 14.842000 14.276000
295.359862 40.203942 1958.620000 3631.410000 14.754000 14.132000
295.332087 40.209382 2659.590000 5493.650000 14.717000 14.132500
295.324806 40.187182 4601.790000 4750.580000 14.811000 14.245000
295.336803 40.179413 4702.340000 3663.450000 14.837000 14.306000
295.334130 40.209876 2541.510000 5403.250000 14.908000 14.090000
295.353152 40.182286 3837.400000 2883.670000 15.002000 14.441500
295.345616 40.188275 3691.840000 3624.340000 15.007000 14.439000
295.367702 40.183024 3202.850000 2094.970000 14.999000 14.426500
295.323414 40.177966 5343.190000 4349.460000 14.911000 14.347500
295.317581 40.190683 4628.800000 5343.850000 14.877000 14.305000
295.320825 40.187402 4743.880000 4988.410000 15.040000 14.454500
295.348448 40.177238 4400.370000 2887.940000 15.059000 14.491000
295.321992 40.190956 4432.910000 5107.270000 15.160000 14.614000
295.366605 40.189326 2777.630000 2486.000000 15.214000 14.657500
295.326115 40.193023 4114.930000 4980.520000 15.061000 14.465500
295.328136 40.184372 4678.330000 4414.790000 15.170000 14.617500
295.327651 40.193106 4047.580000 4897.570000 15.129000 14.575500
295.349431 40.200003 2667.090000 4018.940000 15.292000 14.715000
295.334920 40.201608 3125.380000 4927.420000 15.207000 14.622500
295.333084 40.206243 2853.560000 5273.390000 15.205000 14.654000
295.354839 40.190036 3193.420000 3191.850000 15.256000 14.718500
295.347348 40.172984 4760.850000 2728.720000 15.047000 14.470000
295.347668 40.195104 3101.880000 3863.690000 15.282000 14.687500
295.318091 40.180050 5399.960000 4760.800000 15.243000 14.673000
295.347584 40.178864 4313.810000 3021.850000 15.349000 14.808000
295.363444 40.194087 2549.290000 2913.930000 15.366000 14.740500
295.313097 40.182640 5406.000000 5179.770000 15.261000 14.730000
295.347519 40.185262 3840.280000 3359.080000 15.198000 14.589500
295.307385 40.182886 5615.050000 5517.420000 15.351000 14.809000
295.332627 40.199828 3349.210000 4965.010000 15.713000 15.001000
295.334554 40.187369 4199.790000 4206.030000 15.400000 14.859500
295.335234 40.168310 5591.180000 3173.950000 15.399000 14.825333
295.343436 40.186256 3928.880000 3643.060000 15.212000 14.621000
295.319041 40.180013 5364.930000 4704.840000 15.424000 14.831500
295.357181 40.209161 1676.980000 4055.940000 15.392000 14.870000
295.357702 40.206269 1871.480000 3875.460000 15.562000 14.787000
295.328694 40.207674 2921.800000 5597.470000 15.449000 14.781000
295.326186 40.179271 5135.700000 4259.850000 15.583000 15.018500
295.318832 40.198176 4021.250000 5663.190000 15.571000 15.030500
295.349187 40.196713 2921.660000 3861.230000 15.635000 15.092500
295.323102 40.192869 4246.300000 5143.850000 15.862000 15.309000
295.320296 40.195370 4171.860000 5433.680000 15.789000 15.240000
295.327766 40.205187 3143.820000 5520.640000 15.688000 15.086500
295.321490 40.181183 5180.380000 4626.510000 15.912000 15.313000
295.321675 40.195122 4135.440000 5342.340000 15.774000 15.193000
295.341652 40.182634 4269.520000 3555.640000 15.753000 15.130000
295.342112 40.202545 2769.340000 4567.420000 15.836000 15.274500
295.367750 40.204775 1582.480000 3226.570000 15.975000 15.372500
295.340101 40.197171 3249.370000 4401.660000 15.918000 15.366000
295.340136 40.203422 2782.760000 4725.440000 15.769000 15.196500
295.332973 40.208770 2669.890000 5411.390000 15.962000 15.329000
295.337291 40.166848 5618.070000 2980.800000 16.125000 15.524000
295.362807 40.193766 2598.500000 2933.450000 15.910000 15.326500
295.338917 40.205280 2693.040000 4891.610000 16.059000 15.489500
295.347792 40.162734 5505.880000 2169.120000 15.958000 15.357000
295.332804 40.177935 4971.630000 3813.850000 16.037000 16.173000
295.323592 40.175342 5531.400000 4202.610000 16.087000 15.461500
295.353464 40.187622 3427.850000 3144.130000 16.191000 15.536000
295.338645 40.182213 4420.630000 3704.690000 16.248000 15.661000
295.349420 40.164294 5324.950000 2157.870000 16.097000 15.465500
295.345711 40.172485 4863.120000 2795.780000 16.367000 15.786500
295.357924 40.180219 3801.070000 2504.600000 16.083000 15.522500
295.330670 40.195283 3765.370000 4839.400000 16.252000 15.400500
295.341660 40.216511 1747.990000 5321.170000 16.100000 15.502000
295.348085 40.188179 3600.640000 3478.960000 16.267000 15.603500
295.334131 40.206784 2771.640000 5242.050000 16.193000 15.573500
295.313665 40.190691 4784.120000 5566.970000 16.389000 15.777000
295.380502 40.194857 1812.390000 1984.620000 16.318000 15.655000
295.335466 40.194211 3654.240000 4510.830000 16.284000 15.661000
295.341121 40.167620 5408.030000 2803.190000 16.313000 15.642000
295.318246 40.180446 5364.360000 4772.610000 16.396000 15.694500
295.334695 40.210024 2507.980000 5378.890000 16.365000 15.707000
295.354910 40.209221 1762.940000 4188.140000 16.338000 15.729000
295.311640 40.187143 5128.840000 5497.250000 16.392000 15.706500
295.307669 40.186342 5346.500000 5681.320000 16.575000 15.867500
295.311414 40.187568 5106.180000 5532.210000 16.543000 17.581667
295.340645 40.201776 2884.980000 4610.760000 16.546000 15.887500
295.338971 40.209658 2364.990000 5116.770000 16.538000 15.857000
295.309881 40.191288 4890.300000 5813.220000 16.604000 15.976500
295.361241 40.192141 2781.860000 2937.690000 16.534000 15.909500
295.336040 40.207943 2609.350000 5193.960000 16.593000 17.396000
295.321091 40.192668 4341.300000 5247.710000 16.603000 15.980000
295.338758 40.217468 1792.220000 5536.000000 16.505000 15.762500
295.331448 40.197534 3566.820000 4912.470000 16.755000 16.093500
295.332986 40.205744 2894.580000 5252.910000 16.708000 16.058000
295.323217 40.192918 4238.090000 5139.830000 16.749000 15.813000
295.361212 40.207336 1652.250000 3731.680000 16.711000 15.746000
295.335794 40.212966 2245.340000 5469.750000 16.754000 15.983000
295.331423 40.208588 2745.150000 5489.990000 16.721000 16.005000
295.357080 40.175371 4195.450000 2299.820000 16.834000 16.157500
295.336046 40.210700 2403.880000 5337.310000 16.960000 16.166000
295.322276 40.178130 5376.350000 4422.730000 17.016000 16.362000
295.346578 40.181019 4193.520000 3191.420000 16.784000 16.139000
295.328681 40.206724 2993.020000 5548.680000 16.973000 16.310500
295.323941 40.197253 3886.630000 5324.620000 16.957000 16.304500
295.316582 40.182023 5313.200000 4949.410000 16.992000 16.313000
295.330183 40.204865 3071.590000 5366.410000 17.186000 16.527500
295.317055 40.189731 4720.580000 5324.160000 17.194000 16.480000
295.344847 40.176919 4567.590000 3076.050000 17.256000 16.568500
295.349813 40.210464 1873.420000 4542.560000 17.385000 16.569500
295.314528 40.180715 5492.320000 4998.110000 17.434000 16.617500
295.326769 40.196001 3867.250000 5098.590000 17.468000 16.768000
295.337767 40.203289 2886.960000 4853.190000 17.493000 16.797500
295.322015 40.190841 4440.550000 5099.990000 17.484000 16.760500
295.313228 40.185686 5174.070000 5331.020000 17.543000 16.873500
295.341769 40.212613 2033.700000 5111.750000 17.614000 16.862500
295.326144 40.202714 3392.450000 5483.920000 17.800000 17.011500
295.349547 40.161984 5491.810000 2030.180000 17.741000 16.996000
295.314170 40.194058 4513.310000 5713.660000 17.855000 16.921000
295.322648 40.187647 4653.130000 4897.520000 17.935000 17.153500
295.350067 40.160244 5600.560000 1909.960000 18.131000 17.241333
295.318691 40.192340 4461.260000 5367.080000 18.690000 17.922000
295.318358 40.178231 5524.760000 4650.840000 18.710000 17.885000
295.321928 40.199425 3805.060000 5552.200000 18.813000 17.783833
295.331193 40.208467 2763.230000 5496.780000 18.867000 18.168000
295.314330 40.185391 5152.160000 5252.990000 18.886000 17.833500
295.330082 40.174187 5358.950000 3773.340000 18.988000 18.288333
295.345408 40.167645 5235.410000 2560.700000 19.080000 17.998500
295.366240 40.159898 4981.830000 972.080000 19.097000 17.870500
295.326123 40.204235 3280.070000 5564.450000 19.119000 17.444667
295.367061 40.163221 4701.890000 1098.710000 19.113000 18.379500
295.320066 40.185107 4944.930000 4912.030000 19.377000 18.423000
295.331779 40.195127 3732.840000 4768.140000 19.431000 18.713500
295.347698 40.165954 5270.040000 2342.340000 19.495000 18.753000
295.320463 40.195932 4123.360000 5453.550000 19.586000 18.424500
295.342175 40.167027 5410.190000 2712.350000 19.623000 18.942500
295.315556 40.189462 4800.340000 5395.400000 19.683000 18.137000
295.368804 40.161254 4778.700000 897.020000 19.691000 18.500000
295.370895 40.168886 4127.540000 1176.160000 19.732000 18.931500
295.345214 40.171933 4924.030000 2795.310000 19.770000 18.958000
295.313609 40.183253 5340.030000 5182.560000 19.790000 18.910250
295.341444 40.218281 1624.830000 5425.710000 19.792000 18.357500
295.366296 40.166714 4472.490000 1324.370000 19.913000 18.507000
295.322067 40.193143 4267.110000 5217.000000 20.037000 18.702000
295.307536 40.189465 5119.280000 5851.620000 20.060000 19.076500
295.370339 40.166345 4338.780000 1075.220000 20.123000 19.082500
295.324164 40.203250 3431.370000 5624.420000 20.157000 18.679167
295.342264 40.167036 5405.990000 2707.790000 20.197000 19.227000
295.371558 40.161191 4673.660000 737.110000 20.219000 19.407000
295.330532 40.171612 5532.660000 3613.540000 20.396000 19.780000
295.365590 40.160242 4982.160000 1026.970000 20.424000 20.228000
295.340549 40.215985 1831.310000 5356.910000 20.515000 18.321000
295.368868 40.165089 4490.890000 1093.360000 20.513000 19.898500
295.391344 40.175940 2787.730000 381.550000 20.575000 19.727000
295.346332 40.173011 4799.270000 2787.920000 20.583000 19.023500
295.324771 40.176813 5375.020000 4212.200000 20.583000 18.896000
295.336167 40.167323 5627.450000 3069.480000 20.627000 18.990333
295.352807 40.164142 5201.290000 1957.310000 20.653000 19.973500
295.362249 40.161386 5030.180000 1276.650000 20.653000 19.767667
295.314378 40.185286 5158.040000 5244.810000 20.764000 18.764667
295.344693 40.171663 4964.910000 2810.830000 20.823000 20.062000
295.366910 40.169049 4274.240000 1411.230000 20.837000 18.718500
295.334053 40.173535 5249.340000 3513.530000 20.955000 20.050500
295.320818 40.177622 5472.200000 4479.180000 20.988000 19.936000
295.323004 40.189202 4523.170000 4958.360000 21.021000 19.281000
295.304470 40.186582 5455.950000 5875.770000 21.090000 20.158000
295.351693 40.158865 5638.410000 1745.530000 21.130000 19.373500
295.319683 40.180718 5286.870000 4705.060000 21.219000 19.457667
295.308356 40.183725 5513.950000 5505.900000 21.233000 20.308000
295.321983 40.179565 5281.170000 4514.170000 21.263000 20.172500
295.339459 40.185566 4138.610000 3833.220000 21.268000 20.575000
295.360506 40.165622 4784.370000 1596.670000 21.342000 19.375000
295.321729 40.186528 4773.000000 4891.470000 21.349000 19.210500
295.340706 40.185044 4127.830000 3735.040000 21.345000 19.693000
295.304301 40.184728 5600.730000 5788.800000 21.382000 20.741500
295.324241 40.188944 4493.170000 4874.530000 21.447000 20.210333
295.370900 40.160971 4716.230000 763.090000 21.468000 19.531667
295.331195 40.206239 2929.060000 5380.540000 21.546000 19.825667
295.366517 40.158529 5072.630000 884.960000 21.588000 20.875500
295.347103 40.209109 2082.140000 4625.950000 21.742000 19.974500
295.312220 40.185779 5207.290000 5393.170000 21.765000 19.932000
295.329199 40.194789 3860.670000 4897.260000 22.112000 19.703500
295.319058 40.178075 5508.500000 4602.890000 21.835000 19.724333
295.325580 40.197951 3769.380000 5267.820000 21.996000 19.771833
295.317709 40.196872 4163.000000 5659.070000 22.015000 20.996000
295.323956 40.177003 5393.310000 4268.430000 22.027000 20.954500
295.354612 40.161707 5310.640000 1727.710000 22.061000 20.155000
295.318063 40.190108 4652.460000 5286.470000 22.070000 21.224500
295.318623 40.198891 3976.380000 5712.290000 22.057000 20.498500
295.339782 40.205462 2645.060000 4851.950000 22.070000 21.243000
295.316887 40.181071 5371.950000 4882.450000 22.112000 20.171500
295.337896 40.168937 5438.480000 3055.240000 22.573000 20.304500
295.315469 40.196539 4276.960000 5769.110000 22.196000 20.262500
295.337570 40.214097 2090.410000 5427.760000 22.227000 20.178667
295.321960 40.177058 5468.690000 4384.860000 22.255000 20.955333
295.315945 40.184965 5119.590000 5138.930000 22.337000 20.293500
295.340561 40.207554 2458.320000 4916.740000 22.337000 20.355000
295.364697 40.168739 4385.440000 1520.880000 22.309000 20.393000
295.313011 40.191075 4781.530000 5624.190000 22.353000 20.382500
295.317210 40.185273 5046.310000 5083.040000 22.365000 21.423000
295.341986 40.166192 5479.910000 2679.580000 22.380000 20.369000
295.357426 40.163878 5036.900000 1680.870000 22.373000 20.394000
295.335103 40.208691 2590.990000 5286.170000 22.394000 21.208000
295.368970 40.164278 4547.110000 1045.290000 22.414000 20.450000
295.318777 40.178526 5486.120000 4642.400000 22.450000 20.238000
295.312140 40.188007 5044.570000 5513.800000 22.527000 21.647500
295.368985 40.161030 4788.190000 875.040000 22.546000 20.479500
295.361340 40.164707 4819.260000 1501.560000 22.652000 21.404000
295.365418 40.162118 4849.420000 1134.620000 22.701000 21.626500
295.365188 40.168575 4378.130000 1484.400000 22.721000 20.619333
295.318212 40.177549 5581.350000 4623.590000 22.754000 20.752667
295.308802 40.185738 5346.380000 5585.430000 22.771000 20.693000
295.390592 40.207153 495.630000 2052.640000 22.742000 20.489000
295.348546 40.175480 4527.300000 2790.740000 22.824000 20.621000
295.318406 40.177234 5597.040000 4596.160000 22.936000 21.632667
295.356774 40.174447 4276.380000 2269.020000 22.939000 21.096000
295.311651 40.190923 4846.990000 5693.560000 23.007000 20.736500
295.317049 40.179186 5505.830000 4775.000000 23.014000 21.430500
295.331182 40.190283 4117.160000 4549.630000 23.081000 21.206000
295.323703 40.189397 4480.860000 4928.730000 23.134000 21.582500
295.324069 40.189041 4492.760000 4889.410000 23.363000 21.245000
295.363858 40.169446 4366.280000 1605.450000 23.403000 21.256667
295.311750 40.197580 4333.930000 1996.420000 14.533000 13.924000
295.304914 40.200900 4358.820000 2558.080000 14.574000 13.955000
295.303506 40.233090 2018.430000 4315.120000 14.634000 14.044000
295.302184 40.208082 3932.800000 3087.460000 14.731000 14.127000
295.328494 40.210862 2678.900000 1736.630000 14.807000 14.242500
295.299179 40.205474 4246.510000 3122.450000 14.747000 14.161000
295.318001 40.208697 3257.670000 2220.290000 14.738000 14.176500
295.321723 40.213521 2750.440000 2260.120000 14.748000 13.947000
295.336117 40.221090 1614.230000 1836.470000 14.879000 14.353500
295.308956 40.214489 3186.380000 3036.220000 14.840000 14.235000
295.308486 40.192906 4811.750000 1938.500000 14.837000 14.248000
295.289066 40.219516 3603.340000 4428.830000 14.744000 14.183500
295.264463 40.215009 4917.240000 5593.020000 14.940000 14.394500
295.293867 40.214206 3807.670000 3879.330000 14.907000 14.078500
295.274336 40.208409 5016.060000 4687.950000 15.104000 14.567000
295.312454 40.226995 2116.260000 3488.970000 14.927000 14.345500
295.314015 40.224865 2212.690000 3289.340000 14.883000 14.319500
295.289517 40.194886 5419.180000 3120.390000 15.152000 14.654000
295.304542 40.205703 4016.080000 2829.440000 15.066000 14.510000
295.326912 40.209288 2858.980000 1744.530000 15.143000 14.570000
295.317996 40.208894 3243.150000 2230.850000 15.226000 14.690000
295.313369 40.225201 2213.390000 3343.580000 15.125000 14.561000
295.298932 40.238760 1778.190000 4870.440000 15.106000 14.573000
295.279895 40.213742 4397.940000 4649.560000 15.390000 14.827000
295.285011 40.195751 5534.040000 3421.700000 15.285000 14.717000
295.310020 40.195573 4552.190000 1990.220000 15.341000 14.779500
295.322908 40.223771 1940.320000 2726.880000 15.331000 14.792500
295.281481 40.202162 5197.100000 3956.280000 15.399000 14.823000
295.308560 40.204837 3920.640000 2555.860000 15.353000 14.803000
295.302008 40.222298 2881.420000 3838.030000 15.365000 14.780000
295.277803 40.202111 5347.170000 4162.880000 15.379000 14.816500
295.309074 40.191174 4917.340000 1814.820000 15.222000 15.782667
295.285434 40.237900 2378.960000 5592.760000 15.446000 14.884000
295.265614 40.208161 5381.390000 5171.030000 15.586000 14.942000
295.295392 40.224439 2985.180000 4325.660000 15.329000 14.794500
295.322709 40.215963 2529.420000 2331.310000 15.511000 14.934000
295.304301 40.234335 1894.090000 4334.790000 15.474000 14.922500
295.283854 40.211922 4375.990000 4329.720000 15.651000 15.080500
295.288302 40.233098 2622.500000 5179.680000 15.574000 14.959000
295.300020 40.204136 4312.600000 3004.950000 15.775000 15.205000
295.283021 40.215299 4157.710000 4552.850000 15.824000 15.257000
295.301734 40.215565 3393.600000 3502.860000 15.707000 15.170000
295.318911 40.229062 1705.480000 3229.780000 15.728000 15.200000
295.322065 40.225982 1809.290000 2890.040000 15.757000 15.188000
295.310348 40.222616 2525.990000 3380.540000 15.830000 15.260000
295.311337 40.216911 2911.330000 3027.150000 15.787000 15.248500
295.321460 40.212523 2835.210000 2223.050000 15.866000 15.294000
295.295742 40.193804 5252.040000 2709.990000 15.866000 15.302000
295.278070 40.226182 3544.210000 5401.140000 16.020000 15.406000
295.304398 40.209839 3713.870000 3053.160000 15.968000 15.386000
295.300245 40.232357 2202.720000 4462.230000 15.946000 15.351000
295.279764 40.203819 5142.030000 4140.260000 16.013000 15.352000
295.319823 40.209367 3135.240000 2151.630000 16.076000 15.463500
295.314247 40.216076 2857.710000 2818.200000 16.142000 15.542500
295.320165 40.216283 2606.790000 2492.580000 16.060000 15.473000
295.314940 40.208326 3407.050000 2374.990000 16.100000 15.546500
295.328372 40.213325 2500.410000 1871.960000 16.151000 15.525000
295.285427 40.206978 4681.570000 3982.690000 16.111000 15.528500
295.290910 40.221865 3355.040000 4446.350000 16.177000 15.543000
295.304038 40.204882 4097.210000 2815.390000 16.125000 15.566500
295.295126 40.228314 2707.250000 4542.630000 16.181000 15.562000
295.285680 40.201698 5064.610000 3693.410000 16.201000 15.538500
295.291488 40.199432 5002.270000 3245.080000 16.317000 15.700500
295.328642 40.214518 2400.910000 1918.780000 16.355000 15.755000
295.285374 40.234998 2597.410000 5445.080000 16.375000 15.744500
295.309711 40.221425 2640.020000 3354.730000 16.407000 15.873000
295.322063 40.223368 2003.940000 2753.910000 16.487000 15.822500
295.290331 40.240588 1984.150000 5454.430000 16.323000 15.621000
295.299360 40.206967 4128.150000 3189.930000 16.534000 15.905000
295.261559 40.215954 4962.260000 5807.370000 16.620000 15.989000
295.329374 40.220754 1907.600000 2202.180000 16.604000 15.982500
295.301959 40.191654 5164.750000 2244.450000 16.318000 15.720500
295.330100 40.215403 2276.980000 1881.980000 16.638000 15.927000
295.321945 40.214816 2645.190000 2314.960000 16.729000 15.893000
295.303206 40.235122 1879.130000 4438.000000 16.695000 16.037500
295.331732 40.218206 2003.350000 1935.360000 16.816000 15.815500
295.301494 40.189732 5326.340000 2170.740000 16.641000 15.974500
295.309217 40.223751 2486.500000 3504.020000 16.882000 16.249000
295.267854 40.207839 5316.340000 5026.870000 16.915000 16.165000
295.310822 40.197966 4342.150000 2069.270000 16.787000 16.048500
295.285037 40.236027 2534.160000 5517.840000 16.978000 16.314000
295.302013 40.201791 4407.920000 2769.410000 16.978000 16.302000
295.280545 40.220024 3904.350000 4939.740000 17.112000 16.258500
295.307393 40.230186 2080.030000 3942.920000 17.060000 16.277500
295.275732 40.219776 4114.180000 5200.510000 17.140000 16.439000
295.292712 40.195739 5228.550000 2983.120000 17.074000 16.413000
295.303119 40.188156 5378.980000 1996.190000 17.155000 16.468000
295.281945 40.206373 4865.050000 4149.240000 17.084000 16.259000
295.266658 40.220449 4424.850000 5751.410000 17.092000 16.334000
295.309810 40.210514 3448.310000 2780.570000 17.115000 16.416000
295.305650 40.220214 2891.730000 3522.430000 17.040000 16.394500
295.324675 40.214550 2556.380000 2145.880000 17.232000 16.328500
295.320548 40.214276 2741.000000 2366.180000 17.192000 16.556000
295.277925 40.228626 3368.020000 5536.650000 17.276000 16.618500
295.288138 40.211008 4273.670000 4038.450000 17.248000 16.444000
295.286573 40.200123 5146.390000 3560.520000 17.964000 17.212000
295.273024 40.226751 3702.460000 5717.680000 18.352000 17.733000
295.265212 40.208361 5382.510000 5204.290000 18.387000 17.447500
295.274258 40.226163 3697.250000 5616.860000 18.363000 17.709000
295.288893 40.202480 4878.560000 3551.400000 18.464000 17.513500
295.273205 40.210792 4883.680000 4876.350000 18.551000 17.912000
295.348715 40.215061 1561.450000 806.280000 18.896000 18.174333
295.339106 40.232113 674.900000 2241.220000 18.864000 17.557000
295.344683 40.200987 2769.370000 301.730000 18.925000 17.847667
295.332565 40.240002 348.000000 3024.070000 19.020000 17.884000
295.302421 40.239605 1576.560000 4716.220000 19.057000 18.232500
295.313429 40.233007 1629.910000 3746.880000 19.064000 18.474000
295.333059 40.228997 1147.430000 2422.410000 19.076000 18.095500
295.334169 40.200489 3225.050000 873.420000 19.093000 17.845000
295.292334 40.242337 1774.250000 5431.710000 19.130000 18.490000
295.263961 40.214650 4963.890000 5602.910000 19.144000 18.248500
295.345101 40.230567 551.310000 1820.000000 19.148000 18.549000
295.261131 40.210623 5376.320000 5554.160000 19.202000 18.099000
295.281428 40.205033 4985.390000 4108.840000 19.229000 18.540000
295.286089 40.195257 5527.970000 3334.650000 19.253000 18.402333
295.286642 40.239572 2206.390000 5611.200000 19.252000 18.452500
295.344484 40.206542 2363.910000 602.610000 19.314000 18.047000
295.296324 40.190817 5451.280000 2521.250000 19.347000 18.236333
295.320521 40.243786 545.450000 3905.530000 19.362000 18.694500
295.334992 40.240798 192.160000 2927.660000 19.374000 18.501500
295.259131 40.212952 5282.400000 5789.170000 19.404000 18.654500
295.300570 40.190105 5335.300000 2242.760000 19.482000 17.968000
295.346765 40.228388 647.250000 1611.860000 19.520000 18.374500
295.344036 40.214271 1806.530000 1031.000000 19.550000 18.293667
295.273511 40.227587 3620.850000 5733.480000 19.578000 18.187000
295.330204 40.235093 807.310000 2902.350000 19.579000 18.859500
295.268689 40.214636 4777.000000 5333.320000 19.645000 18.946500
295.362625 40.223283 395.810000 444.560000 19.662000 18.977500
295.332633 40.200891 3256.270000 981.710000 19.730000 18.417167
295.336835 40.222905 1450.590000 1890.270000 19.733000 19.000000
295.265925 40.208549 5340.180000 5173.550000 19.740000 19.061500
295.288069 40.240036 2115.140000 5554.290000 19.744000 18.571500
295.327790 40.215725 2344.950000 2030.070000 19.779000 19.310000
295.333005 40.224941 1451.450000 2214.040000 19.788000 17.885000
295.297672 40.217314 3424.940000 3824.900000 19.808000 18.791000
295.262915 40.213507 5090.580000 5602.880000 19.811000 18.977000
295.350738 40.226103 659.220000 1266.960000 19.862000 18.610500
295.293950 40.233141 2394.690000 4860.880000 19.874000 19.178500
295.284091 40.235742 2593.020000 5556.710000 19.875000 18.657000
295.331883 40.232432 938.530000 2668.240000 19.921000 19.290500
295.290422 40.213707 3981.870000 4049.220000 19.925000 18.662000
295.335038 40.205890 2788.410000 1105.540000 19.996000 18.853167
295.285480 40.232633 2769.270000 5315.840000 19.997000 19.155500
295.260498 40.210601 5403.120000 5589.010000 20.101000 18.508500
295.340514 40.205346 2610.960000 765.910000 20.113000 19.410500
295.275484 40.229257 3418.050000 5708.300000 20.191000 19.596500
295.350818 40.213945 1560.820000 628.590000 20.225000 19.488500
295.338490 40.226572 1111.800000 1987.370000 20.290000 19.274500
295.337330 40.229527 938.000000 2207.320000 20.296000 19.592500
295.300437 40.233117 2138.460000 4490.950000 20.319000 18.941000
295.260464 40.211368 5347.330000 5630.910000 20.327000 19.537000
295.346042 40.206810 2281.940000 528.040000 20.335000 19.353000
295.337159 40.218767 1745.660000 1656.180000 20.349000 18.872000
295.357558 40.229767 115.080000 1070.540000 20.418000 18.981500
295.308153 40.202661 4098.840000 2465.630000 20.420000 19.305500
295.310044 40.241003 1169.380000 4355.810000 20.423000 19.179000
295.365963 40.223640 236.320000 273.580000 20.436000 19.483500
295.363917 40.221295 492.270000 267.490000 20.474000 19.729500
295.277345 40.224551 3694.480000 5357.400000 20.488000 19.083500
295.340332 40.200869 2951.400000 542.920000 20.479000 18.659500
295.294397 40.242830 1655.510000 5340.190000 20.497000 18.955000
295.340433 40.197147 3224.330000 343.130000 20.491000 17.634333
295.278259 40.219240 4053.630000 5028.900000 20.513000 19.942500
295.341226 40.228783 838.330000 1947.170000 20.515000 19.047500
295.326150 40.238284 731.090000 3298.950000 20.537000 19.834500
295.298851 40.242752 1484.220000 5083.000000 20.544000 19.714000
295.283399 40.209455 4577.750000 4227.060000 20.553000 20.330000
295.320481 40.241904 687.140000 3809.720000 20.577000 19.236000
295.322585 40.196155 4008.750000 1306.080000 20.586000 19.318000
295.300936 40.240818 1545.300000 4863.740000 20.584000 18.972000
295.342185 40.215678 1775.460000 1209.540000 20.685000 19.920500
295.256779 40.211788 5462.560000 5862.370000 20.699000 19.936000
295.310693 40.233346 1713.550000 3919.990000 20.751000 19.240000
295.317537 40.235348 1292.300000 3635.400000 20.759000 20.116000
295.336234 40.226606 1199.040000 2117.310000 20.779000 19.235500
295.332920 40.238047 479.350000 2902.000000 20.787000 19.629500
295.307524 40.219371 2879.940000 3372.020000 20.796000 19.389500
295.315595 40.241131 939.020000 4047.070000 20.808000 19.678500
295.324028 40.232370 1255.730000 3111.350000 20.829000 19.675000
295.327994 40.214713 2412.150000 1965.760000 20.910000 19.824500
295.338629 40.223384 1343.510000 1813.340000 20.930000 19.541000
295.342408 40.235660 279.490000 2238.530000 20.988000 20.116000
295.335181 40.201451 3113.120000 866.060000 21.004000 20.041500
295.347812 40.220880 1164.370000 1160.920000 21.032000 20.340000
295.346935 40.206468 2271.770000 459.470000 21.041000 20.389500
295.340019 40.222545 1350.610000 1690.620000 21.056000 20.016500
295.344587 40.235577 198.920000 2110.370000 21.056000 20.283500
295.342371 40.233719 425.460000 2139.430000 21.059000 19.354000
295.290392 40.215000 3886.790000 4118.250000 21.071000 20.286000
295.340365 40.221387 1423.070000 1610.520000 21.091000 19.501000
295.338966 40.207886 2483.570000 986.300000 21.120000 19.741500
295.285242 40.223464 3461.410000 4851.910000 21.169000 20.597000
295.291506 40.237831 2142.670000 5244.060000 21.172000 19.584000
295.322943 40.247627 163.220000 3968.130000 21.178000 19.265000
295.343053 40.229640 701.850000 1888.010000 21.203000 20.057000
295.328023 40.241128 444.890000 3340.810000 21.210000 20.179500
295.317652 40.217176 2640.370000 2681.930000 21.226000 20.414500
295.301782 40.186307 5569.880000 1975.950000 21.309000 19.633000
295.301830 40.223660 2787.150000 3919.080000 21.340000 19.454000
295.333702 40.204236 2964.740000 1095.250000 21.400000 19.941000
295.291536 40.221078 3388.760000 4369.780000 21.399000 20.526000
295.319669 40.189699 4605.400000 1135.440000 21.416000 19.964667
295.357462 40.229266 156.160000 1049.860000 21.415000 19.523500
295.336521 40.230655 886.220000 2312.100000 21.425000 20.518500
295.348290 40.226285 743.040000 1415.570000 21.429000 19.729500
295.357250 40.224766 499.420000 827.300000 21.438000 20.699000
295.322352 40.237282 956.780000 3462.580000 21.437000 19.222000
295.300255 40.199580 4642.490000 2754.240000 21.479000 20.509000
295.273778 40.216691 4421.580000 5150.930000 21.536000 20.765500
295.357102 40.226877 348.240000 945.790000 21.538000 19.786500
295.349513 40.231127 334.060000 1598.500000 21.640000 20.947500
295.332920 40.240046 330.580000 3006.200000 21.664000 20.361500
295.317988 40.242174 766.240000 3965.440000 21.671000 19.873500
295.293360 40.202954 4665.620000 3322.070000 21.697000 19.739333
295.342045 40.224377 1133.650000 1670.930000 21.724000 20.229000
295.337990 40.197291 3310.880000 489.530000 21.738000 20.827500
295.280544 40.210271 4630.580000 4431.890000 21.736000 20.598000
295.350390 40.226952 609.850000 1331.000000 21.742000 19.913000
295.284185 40.231304 2919.760000 5320.240000 21.819000 19.631500
295.280177 40.211316 4567.400000 4507.170000 21.845000 20.586000
295.339227 40.239433 125.230000 2615.900000 21.857000 21.109500
295.326973 40.236498 831.260000 3159.170000 21.879000 19.762000
295.294341 40.241945 1723.660000 5297.240000 21.903000 20.584500
295.344709 40.205370 2442.110000 528.730000 21.909000 20.310000
295.342119 40.220574 1413.790000 1468.500000 21.996000 20.761500
295.303009 40.235919 1827.550000 4490.740000 21.999000 19.907500
295.274456 40.223832 3862.870000 5484.220000 22.029000 20.039000
295.333910 40.233944 745.350000 2631.870000 22.068000 21.172500
295.310351 40.237945 1384.770000 4179.040000 22.051000 20.159500
295.340483 40.226911 1007.280000 1891.800000 22.058000 19.775000
295.327998 40.223457 1761.170000 2421.210000 22.095000 20.353500
295.293825 40.194318 5290.090000 2845.780000 22.099000 20.211667
295.299012 40.244247 1366.550000 5151.700000 22.122000 20.252500
295.335755 40.234236 650.210000 2542.300000 22.150000 21.479500
295.279944 40.224563 3590.270000 5210.330000 22.173000 20.293000
295.331586 40.237474 575.120000 2947.910000 22.188000 20.107500
295.364535 40.225310 168.910000 441.790000 22.199000 20.051500
295.324307 40.241443 569.260000 3568.300000 22.217000 20.938500
295.302088 40.244236 1245.070000 4976.340000 22.228000 20.601000
295.327497 40.228573 1400.340000 2716.350000 22.339000 20.238000
295.348788 40.204631 2334.700000 258.360000 22.384000 20.033667
295.293444 40.234560 2309.130000 4963.590000 22.380000 20.307000
295.337893 40.194323 3535.680000 340.320000 22.401000 21.391167
295.301535 40.237563 1763.880000 4660.150000 22.416000 20.156000
295.295059 40.222556 3138.610000 4246.540000 22.434000 22.143500
295.334360 40.214567 2169.680000 1596.320000 22.445000 21.111000
295.257544 40.209282 5618.790000 5688.340000 22.451000 20.438000
295.276920 40.230507 3267.870000 5691.740000 22.468000 20.597500
295.358544 40.228024 205.520000 923.600000 22.466000 21.465000
295.344404 40.198374 2974.910000 181.380000 22.494000 21.117000
295.329382 40.195214 3808.220000 870.610000 22.507000 21.666000
295.356522 40.226604 391.690000 964.490000 22.543000 20.955000
295.325159 40.235316 991.420000 3200.610000 22.538000 21.471500
295.310637 40.211970 3307.040000 2809.430000 22.556000 20.508000
295.355817 40.230502 129.660000 1207.770000 22.558000 20.365000
295.267712 40.209460 5201.230000 5119.400000 22.577000 20.565000
295.326660 40.244520 246.700000 3595.000000 22.580000 21.547500
295.303968 40.213976 3423.010000 3293.060000 22.584000 20.654000
295.296636 40.188317 5624.940000 2373.340000 22.612000 21.055500
295.277708 40.228237 3405.640000 5528.710000 22.618000 21.415500
295.347997 40.233296 233.030000 1797.730000 22.615000 20.380000
295.342603 40.231379 590.340000 2004.270000 22.669000 20.580000
295.341780 40.215632 1795.050000 1230.120000 22.672000 20.801000
295.315971 40.204692 3636.510000 2126.980000 22.672000 20.588500
295.331956 40.236631 623.130000 2882.970000 22.688000 21.418000
295.321210 40.244479 466.470000 3902.490000 22.696000 21.302500
295.343016 40.213872 1876.840000 1068.140000 22.710000 20.643333
295.333466 40.224113 1494.760000 2144.690000 22.711000 20.690000
295.303234 40.243914 1223.470000 4894.410000 22.713000 21.119000
295.311965 40.204791 3788.580000 2359.920000 22.732000 20.973500
295.340162 40.238804 134.860000 2529.970000 22.740000 20.610500
295.264106 40.209875 5313.720000 5346.080000 22.770000 20.331000
295.332418 40.192406 3896.370000 551.670000 22.796000 20.799667
295.299088 40.212162 3752.200000 3475.980000 22.794000 20.853500
295.344219 40.233356 378.900000 2015.510000 22.809000 20.419500
295.306081 40.247571 837.970000 4923.200000 22.871000 20.642500
295.331042 40.239856 419.430000 3102.950000 22.876000 21.109500
295.279557 40.226448 3465.320000 5330.460000 22.892000 21.756000
295.330752 40.224523 1572.210000 2320.310000 22.900000 21.387500
295.342128 40.201896 2803.430000 494.360000 22.921000 21.199500
295.346087 40.215471 1635.530000 976.990000 22.932000 20.770500
295.323939 40.238812 779.720000 3452.120000 22.946000 21.684500
295.349850 40.208733 1987.190000 411.870000 22.950000 20.720500
295.326152 40.236072 895.700000 3183.590000 22.940000 20.939500
295.350599 40.225653 698.260000 1251.430000 22.957000 20.692000
295.298135 40.187597 5618.920000 2250.580000 22.958000 20.836000
295.335661 40.209401 2502.360000 1253.130000 22.992000 20.726000
295.328471 40.223879 1710.910000 2416.350000 23.005000 21.982000
295.333523 40.228710 1150.320000 2381.030000 23.049000 19.252500
295.319133 40.204379 3533.950000 1930.930000 23.063000 20.962500
295.338050 40.215325 1966.370000 1426.130000 23.076000 21.254333
295.313773 40.238785 1186.090000 4028.370000 23.087000 20.895000
295.310817 40.231175 1870.200000 3799.860000 23.109000 22.436500
295.337202 40.221837 1515.470000 1813.770000 23.118000 21.148000
295.296860 40.196077 5038.380000 2764.820000 23.150000 21.156000
295.331093 40.202559 3193.440000 1156.180000 23.183000 20.839000
295.320408 40.242131 673.210000 3825.710000 23.219000 21.546000
295.339899 40.211877 2149.340000 1141.310000 23.225000 21.277500
295.315486 40.224057 2214.330000 3163.640000 23.229000 21.436000
295.315117 40.240350 1016.190000 4033.550000 23.227000 21.368000
295.329443 40.198645 3550.420000 1045.980000 23.243000 21.525000
295.350679 40.224652 769.530000 1194.650000 23.247000 21.296500
295.279253 40.210404 4672.050000 4512.210000 23.255000 21.720667
295.320542 40.240808 766.310000 3749.170000 23.263000 22.299000
295.289707 40.206194 4569.690000 3698.560000 23.278000 21.078000
295.341752 40.218323 1595.860000 1372.060000 23.297000 21.508500
295.318725 40.191187 4532.160000 1266.690000 23.303000 21.056417
295.324572 40.229408 1454.560000 2926.060000 23.304000 20.976500
295.319033 40.238741 980.160000 3727.210000 23.345000 21.326000
295.311280 40.193982 4620.500000 1835.680000 23.358000 22.073500
295.311675 40.208954 3490.260000 2593.310000 23.359000 21.786000
295.313758 40.234707 1490.300000 3816.770000 23.360000 21.689500
295.326782 40.200658 3506.510000 1302.170000 23.347000 21.886000
295.321757 40.238021 925.420000 3534.880000 23.368000 20.659500
295.329786 40.195441 3775.220000 859.520000 23.398000 21.171000
295.347760 40.221438 1124.940000 1192.980000 23.414000 22.144000
295.332629 40.209851 2589.530000 1448.950000 23.430000 21.071167
295.310457 40.239818 1241.180000 4270.620000 23.431000 21.273000
295.321896 40.194243 4178.460000 1245.660000 23.470000 21.489417
295.273909 40.220399 4140.320000 5336.560000 23.541000 21.753500
295.324856 40.215848 2452.570000 2203.240000 23.580000 21.921500
295.321776 40.198796 3844.340000 1489.770000 23.630000 21.580000
295.279247 40.209224 4760.080000 4451.110000 23.638000 21.409500
295.334432 40.221149 1676.920000 1935.330000 23.649000 22.150000
295.339263 40.233728 548.400000 2316.480000 23.670000 21.268500
295.324135 40.198791 3750.890000 1355.360000 23.688000 21.229833
295.322816 40.232348 1305.580000 3179.060000 23.724000 22.173000
295.323753 40.197491 3862.810000 1309.310000 23.740000 21.133667
295.328750 40.203831 3192.050000 1355.660000 23.722000 21.946000
295.310305 40.237042 1453.860000 4134.630000 23.826000 21.561500
295.341420 40.221408 1379.490000 1551.740000 23.869000 22.100000
295.313830 40.205759 3642.270000 2304.300000 23.903000 22.630500
295.318300 40.234585 1318.680000 3552.310000 23.971000 22.566500
295.347548 40.220841 1177.740000 1173.910000 24.018000 21.720500
295.343384 40.214980 1779.670000 1104.990000 24.031000 22.446000
295.300392 40.214246 3545.180000 3510.460000 24.039000 21.944000
295.332504 40.225836 1404.780000 2289.170000 24.059000 22.090000
295.293676 40.145927 4873.880000 4385.550000 14.195000 13.223500
295.336545 40.158475 2232.550000 2600.280000 14.410000 13.355000
295.329103 40.162578 2223.620000 3237.430000 14.389000 13.759000
295.310927 40.153530 3621.030000 3799.960000 14.727000 14.113000
295.326529 40.146584 3516.610000 2550.330000 14.772000 14.092500
295.305355 40.132263 5426.070000 3009.050000 14.940000 14.310000
295.310152 40.166437 2691.060000 4516.520000 15.042000 14.422000
295.322241 40.168300 2070.950000 3925.970000 14.947000 14.316000
295.317688 40.174446 1794.830000 4505.220000 14.957000 14.411000
295.291766 40.137249 5596.080000 4042.260000 15.173000 14.531500
295.346341 40.152000 2324.160000 1705.590000 14.910000 14.176500
295.332808 40.152754 2807.230000 2514.670000 15.308000 14.674000
295.334600 40.140447 3651.840000 1771.250000 14.799000 14.173500
295.324090 40.170555 1829.510000 3938.320000 14.950000 14.254000
295.338496 40.151430 2679.200000 2122.080000 15.055000 14.425000
295.326625 40.153630 2988.350000 2912.100000 15.054000 14.408500
295.291041 40.166473 3449.120000 5605.690000 15.373000 14.778500
295.312570 40.168453 2444.670000 4484.030000 15.284000 14.588000
295.326248 40.138205 4151.430000 2129.680000 15.188000 14.460500
295.319880 40.167037 2259.030000 3994.480000 15.296000 14.682500
295.307394 40.131007 5438.380000 2827.540000 15.390000 14.661000
295.333346 40.140766 3678.030000 1859.270000 15.204000 14.322500
295.339891 40.153578 2463.730000 2154.730000 15.345000 14.725500
295.300758 40.168244 2930.500000 5145.060000 15.532000 14.904000
295.328657 40.166573 1944.040000 3470.990000 15.402000 14.465000
295.306834 40.181426 1707.340000 5486.220000 15.513000 14.896000
295.320942 40.170111 1987.960000 4094.210000 15.402000 14.806000
295.304289 40.169398 2704.000000 5004.330000 15.577000 14.976500
295.317001 40.142176 4224.270000 2862.720000 15.534000 14.920000
295.288469 40.153938 4484.790000 5099.160000 15.805000 15.143000
295.318195 40.138852 4424.070000 2621.620000 15.457000 14.857000
295.309849 40.155740 3499.380000 3976.440000 15.496000 14.915000
295.302160 40.165106 3108.300000 4901.830000 15.717000 15.167500
295.317338 40.171043 2062.070000 4347.800000 15.652000 14.630000
295.290392 40.164722 3605.360000 5551.340000 15.837000 15.231000
295.314479 40.159112 3064.000000 3888.790000 15.554000 14.948000
295.316718 40.176883 1652.070000 4687.360000 15.538000 14.794500
295.314920 40.163383 2728.480000 4086.200000 15.741000 15.198000
295.295277 40.148102 4648.240000 4407.740000 15.824000 15.062500
295.314685 40.142181 4316.160000 2994.780000 15.819000 15.198000
295.308863 40.140364 4683.310000 3231.450000 15.847000 15.211000
295.300154 40.172493 2638.210000 5400.810000 15.834000 14.848500
295.293133 40.160456 3813.800000 5173.240000 16.083000 15.425500
295.296324 40.159046 3791.820000 4918.190000 16.088000 15.470000
295.316392 40.175801 1745.560000 4649.490000 15.982000 15.320500
295.311210 40.165160 2743.990000 4389.830000 16.044000 15.432500
295.340805 40.162968 1728.500000 2592.170000 16.135000 15.413500
295.292316 40.162654 3682.740000 5334.200000 16.094000 15.470000
295.322621 40.137039 4382.760000 2275.300000 16.199000 15.481500
295.310271 40.170546 2380.420000 4723.850000 16.352000 15.611000
295.314885 40.166832 2473.220000 4267.890000 16.139000 15.506000
295.321003 40.146471 3745.160000 2858.880000 15.914000 15.249000
295.283783 40.157206 4428.030000 5535.980000 16.414000 15.739000
295.274835 40.147213 5528.220000 5524.820000 16.574000 15.834000
295.320721 40.175307 1609.930000 4377.590000 16.383000 15.704500
295.305748 40.181259 1762.950000 5539.280000 16.327000 15.537000
295.313453 40.127336 5470.280000 2291.460000 16.325000 15.495500
295.272831 40.150495 5363.610000 5809.810000 16.913000 16.138750
295.307786 40.132857 5285.030000 2901.670000 16.750000 16.039500
295.293861 40.145997 4861.340000 4378.680000 16.813000 16.115500
295.286812 40.146863 5077.490000 4824.950000 17.802000 13.395000
295.305899 40.167554 2777.180000 4816.690000 16.862000 16.102500
295.302544 40.159842 3484.860000 4605.790000 16.959000 16.148000
295.315312 40.175835 1786.060000 4712.720000 16.917000 16.221500
295.303019 40.176328 2238.730000 5437.610000 17.054000 16.245000
295.280835 40.150771 5024.480000 5368.670000 17.417000 16.634000
295.296406 40.170220 2956.610000 5495.580000 17.586000 16.762500
295.281617 40.147380 5245.860000 5147.490000 17.651000 16.871500
295.305145 40.170431 2593.050000 5009.480000 17.547000 16.732500
295.291464 40.151612 4538.740000 4807.520000 18.719000 15.931000
295.303447 40.168540 2801.400000 5007.570000 17.743000 16.424000
295.329988 40.159180 2441.260000 3010.040000 20.705000 13.027500
295.306707 40.159473 3346.600000 4349.710000 19.450000 15.079500
295.306838 40.182636 1617.060000 5549.070000 18.247000 17.266500
295.307864 40.169967 2519.360000 4830.620000 18.457000 17.717250
295.308391 40.173354 2246.230000 4977.100000 18.736000 17.572667
295.301137 40.135945 5319.930000 3440.950000 18.701000 17.883000
295.310091 40.132398 5227.390000 2746.500000 18.653000 17.744500
295.311541 40.178671 1725.000000 5074.980000 18.892000 17.735000
295.283590 40.159035 4299.460000 5642.230000 18.870000 18.077250
295.350623 40.132650 3593.480000 453.190000 18.952000 18.280000
295.350962 40.136014 3329.660000 609.270000 18.973000 18.280000
295.288874 40.160528 3977.980000 5419.330000 18.985000 17.974250
295.347600 40.132406 3732.170000 612.490000 19.027000 18.299000
295.295071 40.170780 2968.080000 5600.740000 19.037000 18.209000
295.291383 40.164597 3575.240000 5488.490000 19.062000 18.029250
295.300809 40.135417 5372.390000 3432.100000 19.100000 18.232000
295.338360 40.126108 4569.170000 809.920000 19.197000 18.358500
295.353498 40.138106 3072.870000 574.050000 19.204000 18.417500
295.312047 40.130787 5269.350000 2551.280000 19.205000 18.660000
295.308581 40.181519 1630.860000 5391.720000 19.263000 17.998500
295.298359 40.173216 2655.840000 5540.610000 19.276000 18.292750
295.293260 40.140316 5308.230000 4116.970000 19.453000 18.743000
295.292972 40.168416 3227.600000 5597.010000 19.453000 18.008667
295.335605 40.126076 4681.360000 965.010000 19.540000 18.544000
295.299779 40.167617 3016.130000 5168.130000 19.568000 18.665000
295.379903 40.160299 369.030000 229.590000 19.588000 18.239000
295.294710 40.166045 3335.000000 5374.640000 19.601000 18.695000
295.286697 40.145295 5198.860000 4749.830000 19.640000 18.446000
295.336181 40.127546 4549.030000 1008.890000 19.692000 19.046500
295.336389 40.125746 4674.620000 903.210000 19.738000 19.115000
295.305921 40.130545 5531.460000 2887.310000 19.730000 18.778500
295.363263 40.147501 1984.580000 508.440000 19.779000 18.837500
295.357686 40.175504 123.070000 2285.810000 19.788000 19.018500
295.323583 40.182777 939.960000 4604.100000 19.803000 18.983000
295.296843 40.174106 2649.970000 5673.180000 19.801000 18.526000
295.328187 40.182221 798.030000 4313.320000 19.823000 18.902000
295.304033 40.166665 2917.650000 4876.510000 19.827000 18.933500
295.319671 40.128020 5171.620000 1973.210000 19.834000 18.582500
295.355616 40.138000 2996.380000 448.020000 19.880000 18.622500
295.282325 40.146627 5273.710000 5068.050000 19.947000 19.096000
295.320882 40.181128 1170.290000 4671.760000 19.982000 17.911500
295.354928 40.138408 2993.400000 508.480000 20.025000 18.716500
295.318786 40.124725 5452.130000 1851.860000 20.009000 18.453000
295.374884 40.163330 343.570000 673.050000 20.120000 19.281500
295.338906 40.180631 489.520000 3620.930000 20.100000 19.233000
295.302903 40.143970 4652.230000 3758.500000 20.164000 18.566500
295.273222 40.147926 5539.390000 5653.770000 20.239000 18.292000
295.337149 40.178157 743.670000 3591.860000 20.378000 18.670000
295.287644 40.160460 4032.060000 5485.740000 20.289000 18.749000
295.340336 40.182761 274.070000 3650.610000 20.341000 18.889500
295.283043 40.146375 5263.870000 5014.030000 20.340000 19.223500
295.353236 40.177411 158.420000 2638.200000 20.458000 19.228500
295.298103 40.159723 3670.590000 4852.240000 20.491000 19.608667
295.370751 40.169611 40.960000 1235.660000 20.508000 19.031500
295.326192 40.169548 1820.770000 3766.280000 20.556000 19.716500
295.362057 40.162466 919.090000 1357.360000 20.550000 18.842000
295.289016 40.140148 5489.700000 4349.780000 20.580000 19.805500
295.325868 40.180005 1055.320000 4329.720000 20.609000 19.894500
295.291002 40.157436 4123.520000 5137.150000 20.649000 18.984000
295.322662 40.183538 920.020000 4696.140000 20.671000 19.113500
295.339638 40.130011 4227.770000 940.630000 20.687000 19.921000
295.300131 40.132707 5601.100000 3329.490000 20.677000 18.912000
295.365559 40.145159 2067.300000 255.710000 20.738000 20.092000
295.280596 40.154110 4785.340000 5556.150000 20.722000 19.055500
295.373470 40.159543 681.680000 555.970000 20.769000 19.018000
295.358475 40.171499 389.650000 2032.090000 20.785000 19.335000
295.330300 40.131693 4474.650000 1559.690000 20.772000 19.868000
295.291519 40.158317 4037.350000 5153.650000 20.810000 20.051500
295.285870 40.148031 5028.050000 4939.360000 20.815000 19.223500
295.344594 40.179142 373.830000 3219.850000 20.821000 17.639500
295.312508 40.126625 5560.840000 2308.210000 20.848000 20.145000
295.283150 40.142021 5583.880000 4781.200000 20.883000 19.945500
295.348409 40.178730 252.560000 2981.430000 20.938000 19.941667
295.284393 40.141975 5537.780000 4708.050000 21.026000 18.954000
295.320019 40.182874 1074.650000 4811.780000 21.061000 19.372500
295.359971 40.170471 406.560000 1893.460000 21.105000 19.759000
295.341721 40.129108 4211.940000 775.000000 21.106000 19.123500
295.363147 40.172526 127.100000 1820.000000 21.136000 19.971500
295.351262 40.135323 3369.180000 556.180000 21.146000 20.193500
295.321730 40.181242 1128.030000 4629.440000 21.172000 17.552000
295.305903 40.175667 2173.100000 5239.100000 21.205000 19.984500
295.370477 40.157341 964.860000 611.290000 21.277000 19.935000
295.339976 40.133574 3949.110000 1107.140000 21.342000 20.234000
295.371249 40.155497 1071.270000 471.230000 21.315000 19.698000
295.339460 40.185747 86.700000 3856.080000 21.290000 19.564500
295.327607 40.125427 5048.400000 1386.390000 21.342000 20.071000
295.376217 40.158210 671.360000 330.280000 21.347000 20.575000
295.335215 40.129113 4470.880000 1145.550000 21.372000 20.296500
295.288012 40.159652 4077.560000 5422.770000 21.341000 19.881000
295.355932 40.134678 3231.030000 256.860000 21.439000 20.663500
295.348574 40.178724 246.430000 2971.800000 21.426000 20.261667
295.324508 40.181444 1002.390000 4481.970000 21.440000 19.725750
295.372416 40.154701 1084.000000 363.330000 21.509000 19.732000
295.302736 40.156650 3714.900000 4428.560000 21.467000 20.490000
295.292650 40.162265 3698.410000 5294.910000 21.523000 19.675500
295.377423 40.159429 532.650000 325.250000 21.561000 20.695500
295.342226 40.137048 3600.880000 1160.190000 21.625000 20.240000
295.322709 40.133876 4614.700000 2105.410000 21.532000 20.891500
295.278731 40.150423 5134.100000 5470.270000 21.556000 19.527500
295.369481 40.151358 1449.730000 355.940000 21.599000 20.666500
295.291539 40.168295 3293.690000 5672.230000 21.543000 19.542000
295.305193 40.180404 1848.690000 5526.300000 21.663000 20.323750
295.335514 40.127417 4585.150000 1040.130000 21.687000 20.396000
295.378254 40.160698 405.060000 344.230000 21.687000 20.659000
295.345457 40.181047 197.730000 3270.080000 21.670000 19.777500
295.314562 40.127259 5431.830000 2224.290000 21.656000 19.731500
295.277899 40.153596 4930.990000 5682.850000 21.705000 20.392000
295.376978 40.162878 293.700000 530.440000 21.766000 18.981500
295.359475 40.141880 2553.850000 430.810000 21.773000 21.083000
295.359844 40.140445 2645.900000 334.970000 21.775000 20.528500
295.357499 40.139580 2803.750000 423.250000 21.805000 20.546000
295.275325 40.153300 5055.500000 5813.880000 21.787000 19.852667
295.367729 40.150000 1620.620000 384.760000 21.867000 20.997000
295.372175 40.168791 45.260000 1111.930000 21.899000 20.440000
295.288761 40.150315 4742.930000 4893.830000 21.870000 20.060500
295.274823 40.151095 5239.650000 5727.680000 21.871000 19.752000
295.327445 40.125688 5035.390000 1409.200000 21.928000 20.074000
295.364947 40.168639 344.600000 1514.930000 21.995000 19.971500
295.277793 40.144713 5596.650000 5226.290000 21.992000 20.171500
295.350915 40.136062 3327.950000 614.460000 21.987000 19.935500
295.359633 40.169222 512.940000 1847.490000 22.038000 20.138500
295.367259 40.147156 1850.950000 263.200000 22.029000 21.348500
295.336381 40.129858 4368.950000 1117.970000 22.062000 21.063000
295.365959 40.149751 1709.670000 472.500000 22.069000 20.086000
295.380833 40.161363 252.820000 232.250000 22.094000 20.201500
295.362217 40.143072 2355.870000 337.000000 22.155000 20.953500
295.375041 40.162077 430.530000 598.820000 22.166000 20.138500
295.298801 40.152952 4146.860000 4459.830000 22.204000 20.147500
295.373926 40.157291 831.120000 412.570000 22.314000 21.037000
295.336461 40.183138 400.300000 3890.620000 22.316000 20.371000
295.296176 40.135943 5517.730000 3723.210000 22.341000 20.332000
295.345256 40.178749 376.720000 3161.770000 22.428000 21.304500
295.282698 40.152717 4805.420000 5363.970000 22.426000 20.325000
295.311516 40.160219 3099.610000 4114.960000 22.614000 20.824000
295.346997 40.180934 144.760000 3176.610000 22.525000 20.353500
295.340310 40.179628 508.330000 3488.800000 22.552000 20.962000
295.325568 40.181766 936.180000 4438.510000 22.586000 21.640500
295.294935 40.160506 3738.430000 5073.300000 22.602000 20.453500
295.277643 40.145844 5518.430000 5293.720000 22.545000 20.420000
295.377959 40.163390 216.570000 501.340000 22.634000 21.602000
295.342627 40.133055 3882.030000 929.240000 22.713000 21.210000
295.282130 40.142282 5604.990000 4852.860000 22.709000 20.783000
295.336411 40.124634 4756.530000 844.010000 22.793000 21.382500
295.293997 40.149680 4581.780000 4562.760000 22.789000 20.763500
295.302109 40.178965 2078.590000 5626.750000 22.792000 21.193500
295.328069 40.126307 4964.470000 1406.000000 22.852000 21.242000
295.359626 40.141422 2581.850000 398.370000 22.870000 20.754000
295.361871 40.170596 321.570000 1791.910000 22.906000 20.649500
295.340316 40.127206 4409.530000 755.830000 22.984000 21.581000
295.339780 40.184727 149.940000 3784.720000 22.981000 20.741500
295.304868 40.177290 2093.510000 5382.560000 23.018000 20.713250
295.338839 40.181516 426.320000 3670.850000 23.040000 20.920000
295.358399 40.168787 594.450000 1895.000000 22.942000 20.796000
295.344972 40.129458 4056.330000 608.280000 23.108000 20.928500
295.309833 40.177765 1860.440000 5124.890000 23.070000 21.236500
295.325983 40.144328 3706.250000 2463.880000 23.178000 21.801500
295.331042 40.178996 924.380000 3982.890000 23.265000 21.415000
295.332603 40.131672 4384.490000 1427.570000 23.310000 21.295000
295.339106 40.168980 1348.740000 3002.190000 23.342000 21.022000
295.310993 40.176302 1923.220000 4982.680000 23.354000 21.756667
295.330755 40.131593 4464.020000 1528.570000 23.600000 22.386500
295.319980 40.182829 0.000000 0.000000 21.063000 19.439500
295.321686 40.186540 0.000000 0.000000 21.378000 19.293000
295.317169 40.185284 0.000000 0.000000 22.429500 21.488000
295.320005 40.185098 0.000000 0.000000 19.423000 18.551500
295.315516 40.189445 0.000000 0.000000 19.695000 18.174500
295.314500 40.189037 0.000000 0.000000 20.268500 18.898500
295.304430 40.186566 0.000000 0.000000 21.117500 20.191000
295.304260 40.184711 0.000000 0.000000 21.411000 20.768500
295.317668 40.196855 0.000000 0.000000 22.020500 21.026000
295.318022 40.190091 0.000000 0.000000 22.073000 21.263500
295.324770 40.176840 0.000000 0.000000 20.598500 18.930000
