295.300603 40.190153 5330.470000 2243.360000 14.502000
295.311750 40.197580 4333.930000 1996.420000 14.533000
295.304914 40.200900 4358.820000 2558.080000 14.574000
295.303506 40.233090 2018.430000 4315.120000 14.634000
295.302184 40.208082 3932.800000 3087.460000 14.731000
295.328494 40.210862 2678.900000 1736.630000 14.807000
295.299179 40.205474 4246.510000 3122.450000 14.747000
295.318001 40.208697 3257.670000 2220.290000 14.738000
295.321723 40.213521 2750.440000 2260.120000 14.748000
295.336117 40.221090 1614.230000 1836.470000 14.879000
295.308956 40.214489 3186.380000 3036.220000 14.840000
295.308486 40.192906 4811.750000 1938.500000 14.837000
295.289066 40.219516 3603.340000 4428.830000 14.744000
295.264463 40.215009 4917.240000 5593.020000 14.940000
295.293867 40.214206 3807.670000 3879.330000 14.907000
295.274336 40.208409 5016.060000 4687.950000 15.104000
295.312454 40.226995 2116.260000 3488.970000 14.927000
295.301182 40.195899 4879.660000 2509.760000 14.853000
295.314015 40.224865 2212.690000 3289.340000 14.883000
295.285418 40.215263 4065.100000 4414.740000 15.083000
295.289517 40.194886 5419.180000 3120.390000 15.152000
295.304542 40.205703 4016.080000 2829.440000 15.066000
295.326912 40.209288 2858.980000 1744.530000 15.143000
295.317996 40.208894 3243.150000 2230.850000 15.226000
295.298784 40.204749 4316.150000 3107.150000 15.111000
295.309706 40.190607 4934.350000 1749.370000 14.905000
295.313369 40.225201 2213.390000 3343.580000 15.125000
295.298932 40.238760 1778.190000 4870.440000 15.106000
295.279895 40.213742 4397.940000 4649.560000 15.390000
295.285011 40.195751 5534.040000 3421.700000 15.285000
295.310020 40.195573 4552.190000 1990.220000 15.341000
295.322908 40.223771 1940.320000 2726.880000 15.331000
295.281481 40.202162 5197.100000 3956.280000 15.399000
295.308560 40.204837 3920.640000 2555.860000 15.353000
295.302008 40.222298 2881.420000 3838.030000 15.365000
295.277803 40.202111 5347.170000 4162.880000 15.379000
295.309074 40.191174 4917.340000 1814.820000 15.222000
295.273727 40.221525 4063.700000 5405.530000 15.450000
295.285434 40.237900 2378.960000 5592.760000 15.446000
295.265614 40.208161 5381.390000 5171.030000 15.586000
295.302006 40.240108 1555.630000 4766.000000 15.397000
295.295392 40.224439 2985.180000 4325.660000 15.329000
295.285359 40.215275 4066.480000 4418.750000 15.593000
295.322709 40.215963 2529.420000 2331.310000 15.511000
295.304301 40.234335 1894.090000 4334.790000 15.474000
295.283854 40.211922 4375.990000 4329.720000 15.651000
295.288302 40.233098 2622.500000 5179.680000 15.574000
295.300020 40.204136 4312.600000 3004.950000 15.775000
295.283021 40.215299 4157.710000 4552.850000 15.824000
295.310827 40.230399 1927.570000 3758.880000 15.699000
295.301734 40.215565 3393.600000 3502.860000 15.707000
295.318911 40.229062 1705.480000 3229.780000 15.728000
295.322065 40.225982 1809.290000 2890.040000 15.757000
295.310348 40.222616 2525.990000 3380.540000 15.830000
295.325298 40.222203 1961.920000 2509.360000 15.828000
295.311337 40.216911 2911.330000 3027.150000 15.787000
295.321460 40.212523 2835.210000 2223.050000 15.866000
295.330929 40.212088 2490.690000 1662.120000 15.968000
295.295742 40.193804 5252.040000 2709.990000 15.866000
295.308876 40.235259 1643.380000 4122.980000 15.956000
295.278070 40.226182 3544.210000 5401.140000 16.020000
295.304398 40.209839 3713.870000 3053.160000 15.968000
295.300245 40.232357 2202.720000 4462.230000 15.946000
295.287698 40.231599 2758.060000 5135.920000 16.025000
295.279764 40.203819 5142.030000 4140.260000 16.013000
295.319823 40.209367 3135.240000 2151.630000 16.076000
295.314247 40.216076 2857.710000 2818.200000 16.142000
295.320165 40.216283 2606.790000 2492.580000 16.060000
295.314940 40.208326 3407.050000 2374.990000 16.100000
295.328372 40.213325 2500.410000 1871.960000 16.151000
295.285427 40.206978 4681.570000 3982.690000 16.111000
295.290910 40.221865 3355.040000 4446.350000 16.177000
295.304038 40.204882 4097.210000 2815.390000 16.125000
295.295126 40.228314 2707.250000 4542.630000 16.181000
295.285680 40.201698 5064.610000 3693.410000 16.201000
295.294896 40.231242 2498.420000 4708.200000 16.258000
295.291488 40.199432 5002.270000 3245.080000 16.317000
295.328642 40.214518 2400.910000 1918.780000 16.355000
295.303280 40.206677 3993.730000 2951.990000 23.112000
295.285374 40.234998 2597.410000 5445.080000 16.375000
295.270427 40.210565 5011.020000 5022.500000 16.371000
295.289117 40.199766 5071.720000 3397.300000 16.363000
295.305985 40.218205 3027.920000 3398.770000 16.445000
295.309711 40.221425 2640.020000 3354.730000 16.407000
295.322063 40.223368 2003.940000 2753.910000 16.487000
295.290331 40.240588 1984.150000 5454.430000 16.323000
295.299360 40.206967 4128.150000 3189.930000 16.534000
295.261559 40.215954 4962.260000 5807.370000 16.620000
295.329374 40.220754 1907.600000 2202.180000 16.604000
295.324261 40.225526 1755.860000 2741.430000 16.543000
295.301959 40.191654 5164.750000 2244.450000 16.318000
295.330100 40.215403 2276.980000 1881.980000 16.638000
295.309799 40.191255 4882.390000 1777.810000 16.649000
295.305512 40.209486 3695.830000 2971.420000 16.594000
295.270211 40.222987 4094.590000 5681.600000 16.786000
295.321945 40.214816 2645.190000 2314.960000 16.729000
295.303206 40.235122 1879.130000 4438.000000 16.695000
295.298844 40.207807 4086.160000 3263.020000 16.753000
295.331732 40.218206 2003.350000 1935.360000 16.816000
295.301494 40.189732 5326.340000 2170.740000 16.641000
295.309217 40.223751 2486.500000 3504.020000 16.882000
295.267854 40.207839 5316.340000 5026.870000 16.915000
295.310822 40.197966 4342.150000 2069.270000 16.787000
295.285037 40.236027 2534.160000 5517.840000 16.978000
295.302393 40.239025 1620.890000 4687.550000 16.908000
295.265929 40.204848 5615.590000 4980.660000 17.025000
295.302013 40.201791 4407.920000 2769.410000 16.978000
295.327296 40.209573 2822.490000 1737.580000 17.025000
295.321598 40.217253 2477.600000 2461.660000 17.009000
295.280545 40.220024 3904.350000 4939.740000 17.112000
295.307393 40.230186 2080.030000 3942.920000 17.060000
295.296360 40.194802 5153.160000 2726.810000 17.042000
295.328998 40.215488 2314.500000 1949.120000 17.095000
295.275732 40.219776 4114.180000 5200.510000 17.140000
295.292712 40.195739 5228.550000 2983.120000 17.074000
295.303119 40.188156 5378.980000 1996.190000 17.155000
295.281945 40.206373 4865.050000 4149.240000 17.084000
295.266658 40.220449 4424.850000 5751.410000 17.092000
295.295222 40.214294 3747.230000 3806.890000 17.094000
295.309810 40.210514 3448.310000 2780.570000 17.115000
295.305650 40.220214 2891.730000 3522.430000 17.040000
295.324675 40.214550 2556.380000 2145.880000 17.232000
295.320548 40.214276 2741.000000 2366.180000 17.192000
295.311602 40.200130 4150.040000 2137.700000 17.142000
295.277925 40.228626 3368.020000 5536.650000 17.276000
295.288138 40.211008 4273.670000 4038.450000 17.248000
295.299325 40.240902 1603.100000 4959.700000 17.364000
295.288922 40.214151 4008.490000 4157.600000 17.269000
295.323717 40.219229 2246.220000 2444.170000 17.337000
295.306516 40.208788 3707.870000 2877.910000 17.380000
295.304288 40.202184 4288.140000 2660.570000 17.306000
295.308393 40.201071 4207.630000 2369.210000 17.468000
295.294526 40.240218 1844.880000 5196.760000 17.525000
295.305397 40.209120 3727.640000 2958.870000 17.451000
295.289127 40.211609 4189.570000 4013.520000 17.584000
295.295293 40.221450 3211.650000 4175.550000 17.592000
295.293367 40.199505 4922.100000 3141.970000 17.645000
295.309899 40.195404 4569.580000 1988.310000 17.517000
295.302178 40.201334 4435.380000 2736.290000 17.602000
295.313645 40.208782 3424.630000 2472.350000 17.678000
295.311262 40.233444 1683.570000 3892.780000 17.757000
295.302515 40.208563 3883.780000 3093.740000 17.746000
295.287774 40.231607 2754.450000 5132.020000 17.949000
295.277314 40.214728 4427.150000 4847.660000 17.935000
295.273714 40.223714 3901.170000 5520.300000 18.013000
295.311331 40.203904 3879.840000 2349.750000 17.900000
295.299123 40.225142 2784.500000 4150.170000 17.885000
295.286573 40.200123 5146.390000 3560.520000 17.964000
295.316208 40.203001 3752.990000 2025.440000 18.009000
295.315283 40.215632 2849.590000 2736.140000 18.039000
295.279052 40.203225 5214.580000 4149.770000 18.055000
295.323430 40.206531 3202.820000 1798.810000 18.079000
295.291900 40.201574 4826.400000 3333.190000 18.103000
295.266595 40.220075 4455.160000 5735.550000 18.182000
295.318870 40.214078 2822.450000 2451.280000 18.115000
295.315920 40.228900 1836.590000 3391.280000 18.284000
295.302580 40.201737 4389.350000 2734.390000 18.182000
295.279627 40.199408 5475.940000 3918.340000 18.303000
295.307630 40.208599 3677.630000 2804.770000 18.252000
295.273024 40.226751 3702.460000 5717.680000 18.352000
295.265212 40.208361 5382.510000 5204.290000 18.387000
295.274258 40.226163 3697.250000 5616.860000 18.363000
295.307344 40.233362 1845.570000 4111.180000 18.400000
295.295472 40.233953 2273.680000 4816.670000 18.331000
295.302082 40.202631 4342.610000 2809.300000 18.392000
295.288893 40.202480 4878.560000 3551.400000 18.464000
295.273205 40.210792 4883.680000 4876.350000 18.551000
295.283157 40.222212 3637.540000 4905.190000 18.565000
295.290651 40.214545 3910.350000 4079.830000 18.641000
295.300310 40.237577 1811.510000 4730.470000 18.888000
295.312332 40.212841 3174.720000 2758.470000 18.853000
295.348715 40.215061 1561.450000 806.280000 18.896000
295.339106 40.232113 674.900000 2241.220000 18.864000
295.344683 40.200987 2769.370000 301.730000 18.925000
295.273383 40.204920 5313.820000 4560.430000 18.937000
295.315797 40.205570 3578.110000 2182.670000 18.941000
295.334669 40.190576 3942.910000 328.300000 18.972000
295.294739 40.232758 2391.770000 4796.120000 18.982000
295.342386 40.236481 219.260000 2282.540000 18.984000
295.306816 40.189681 5118.290000 1865.460000 19.011000
295.332565 40.240002 348.000000 3024.070000 19.020000
295.302421 40.239605 1576.560000 4716.220000 19.057000
295.313429 40.233007 1629.910000 3746.880000 19.064000
295.333059 40.228997 1147.430000 2422.410000 19.076000
295.334169 40.200489 3225.050000 873.420000 19.093000
295.326042 40.204200 3272.370000 1528.830000 19.104000
295.323062 40.202921 3486.170000 1631.560000 19.116000
295.298542 40.219986 3191.420000 3914.620000 19.119000
295.292334 40.242337 1774.250000 5431.710000 19.130000
295.263961 40.214650 4963.890000 5602.910000 19.144000
295.328662 40.221913 1849.690000 2303.050000 19.144000
295.345101 40.230567 551.310000 1820.000000 19.148000
295.314011 40.223149 2340.620000 3200.140000 19.161000
295.285420 40.219058 3782.410000 4612.270000 19.170000
295.305694 40.195091 4760.210000 2211.060000 19.192000
295.302050 40.214855 3433.870000 3447.930000 19.196000
295.261131 40.210623 5376.320000 5554.160000 19.202000
295.302762 40.227944 2431.120000 4089.330000 19.213000
295.335303 40.219742 1746.920000 1812.500000 19.234000
295.281428 40.205033 4985.390000 4108.840000 19.229000
295.313157 40.221839 2472.090000 3180.410000 19.230000
295.279965 40.229683 3208.240000 5475.710000 19.235000
295.335743 40.208981 2530.350000 1226.530000 19.246000
295.286089 40.195257 5527.970000 3334.650000 19.253000
295.283094 40.222952 3585.010000 4947.310000 19.258000
295.316897 40.241036 894.300000 3968.180000 19.258000
295.286642 40.239572 2206.390000 5611.200000 19.252000
295.327215 40.202827 3327.840000 1390.590000 19.275000
295.302570 40.210947 3704.070000 3214.770000 19.283000
295.364659 40.220398 529.490000 178.590000 19.285000
295.285604 40.230547 2919.660000 5200.150000 19.286000
295.331302 40.222151 1726.890000 2165.420000 19.301000
295.305455 40.232196 2007.480000 4157.740000 19.301000
295.344484 40.206542 2363.910000 602.610000 19.314000
295.369974 40.223306 101.490000 28.250000 19.321000
295.307266 40.200020 4330.760000 2378.510000 19.321000
295.355551 40.213884 1376.910000 356.430000 19.321000
295.296324 40.190817 5451.280000 2521.250000 19.347000
295.353873 40.223326 741.040000 944.080000 19.358000
295.312264 40.222297 2473.570000 3255.030000 19.361000
295.331141 40.228260 1278.570000 2492.980000 19.361000
295.320521 40.243786 545.450000 3905.530000 19.362000
295.334992 40.240798 192.160000 2927.660000 19.374000
295.259131 40.212952 5282.400000 5789.170000 19.404000
295.328002 40.238195 664.040000 3189.120000 19.440000
295.329151 40.206433 2982.420000 1468.460000 19.450000
295.304530 40.225762 2523.240000 3875.170000 19.451000
295.325952 40.204202 3275.820000 1534.050000 19.480000
295.348620 40.204587 2344.700000 265.630000 19.483000
295.269200 40.203711 5570.210000 4735.430000 19.485000
295.338232 40.203227 2859.520000 785.160000 19.495000
295.300570 40.190105 5335.300000 2242.760000 19.482000
295.305351 40.190822 5091.630000 2008.200000 19.511000
295.346765 40.228388 647.250000 1611.860000 19.520000
295.331722 40.208513 2725.250000 1430.750000 19.535000
295.311642 40.228514 2035.470000 3614.290000 19.537000
295.275844 40.199506 5619.090000 4138.570000 19.547000
295.344036 40.214271 1806.530000 1031.000000 19.550000
295.273511 40.227587 3620.850000 5733.480000 19.578000
295.330204 40.235093 807.310000 2902.350000 19.579000
295.330709 40.203028 3173.780000 1202.480000 19.586000
295.293890 40.196015 5161.120000 2930.450000 19.583000
295.319718 40.204539 3498.780000 1906.000000 19.632000
295.277448 40.211154 4687.950000 4653.950000 19.634000
295.268689 40.214636 4777.000000 5333.320000 19.645000
295.324085 40.222790 1966.520000 2608.840000 19.653000
295.346956 40.236196 58.600000 2008.030000 19.636000
295.356778 40.222046 720.670000 712.250000 19.670000
295.290559 40.233007 2539.500000 5046.610000 19.674000
295.362625 40.223283 395.810000 444.560000 19.662000
295.291449 40.244771 1628.280000 5608.810000 19.680000
295.316781 40.214875 2846.250000 2611.570000 19.698000
295.327791 40.245892 99.510000 3602.230000 19.690000
295.309739 40.205341 3836.170000 2515.120000 19.702000
295.315475 40.189428 4792.490000 1359.840000 19.707000
295.305317 40.208802 3754.490000 2946.860000 19.723000
295.326453 40.224867 1717.730000 2582.530000 19.731000
295.332633 40.200891 3256.270000 981.710000 19.730000
295.336835 40.222905 1450.590000 1890.270000 19.733000
295.275626 40.222849 3889.580000 5366.550000 19.727000
295.302924 40.212132 3601.830000 3256.390000 19.740000
295.265925 40.208549 5340.180000 5173.550000 19.740000
295.311988 40.225543 2242.890000 3439.830000 19.747000
295.288069 40.240036 2115.140000 5554.290000 19.744000
295.319785 40.241681 731.460000 3837.640000 19.755000
295.282613 40.197709 5483.650000 3660.010000 19.756000
295.347580 40.215095 1604.130000 872.520000 19.762000
295.302484 40.246504 1060.450000 5072.040000 19.759000
295.297932 40.217362 3411.040000 3812.640000 19.764000
295.339486 40.195242 3403.860000 297.690000 19.768000
295.327790 40.215725 2344.950000 2030.070000 19.779000
295.333005 40.224941 1451.450000 2214.040000 19.788000
295.274450 40.207968 5044.420000 4658.510000 19.787000
295.297672 40.217314 3424.940000 3824.900000 19.808000
295.262915 40.213507 5090.580000 5602.880000 19.811000
295.350738 40.226103 659.220000 1266.960000 19.862000
295.311079 40.239123 1268.160000 4199.050000 19.871000
295.293950 40.233141 2394.690000 4860.880000 19.874000
295.284091 40.235742 2593.020000 5556.710000 19.875000
295.307309 40.204403 4002.770000 2604.390000 19.880000
295.275145 40.222671 3921.960000 5384.570000 19.911000
295.312233 40.224447 2314.730000 3368.820000 19.917000
295.331883 40.232432 938.530000 2668.240000 19.921000
295.290422 40.213707 3981.870000 4049.220000 19.925000
295.332171 40.212258 2428.590000 1600.410000 19.936000
295.319667 40.218652 2450.340000 2644.320000 19.960000
295.354004 40.221548 868.150000 843.970000 19.983000
295.340443 40.240070 29.470000 2580.000000 19.990000
295.335038 40.205890 2788.410000 1105.540000 19.996000
295.300458 40.198163 4739.830000 2668.880000 19.995000
295.310757 40.210187 3434.950000 2709.740000 19.997000
295.285480 40.232633 2769.270000 5315.840000 19.997000
295.315128 40.217759 2697.380000 2855.780000 20.009000
295.321985 40.193110 4259.240000 1181.550000 20.028000
295.310700 40.196903 4426.150000 2020.840000 20.041000
295.307455 40.189432 5111.430000 1816.140000 20.075000
295.316855 40.236536 1230.970000 3736.070000 20.074000
295.295910 40.219105 3361.710000 4018.390000 20.096000
295.260498 40.210601 5403.120000 5589.010000 20.101000
295.340514 40.205346 2610.960000 765.910000 20.113000
295.268093 40.207046 5365.870000 4971.980000 20.118000
295.323092 40.189862 4456.970000 949.350000 20.139000
295.285519 40.195880 5504.170000 3399.500000 20.129000
295.293951 40.196011 5158.990000 2926.800000 20.113000
295.335222 40.205865 2782.990000 1093.810000 20.145000
295.273633 40.216135 4468.730000 5130.230000 20.195000
295.275484 40.229257 3418.050000 5708.300000 20.191000
295.260618 40.211833 5306.600000 5646.370000 20.224000
295.350818 40.213945 1560.820000 628.590000 20.225000
295.331511 40.218898 1960.700000 1983.960000 20.225000
295.284413 40.238006 2411.640000 5656.340000 20.226000
295.348546 40.219312 1251.840000 1037.470000 20.238000
295.304464 40.215209 3311.530000 3329.130000 20.241000
295.338250 40.238093 263.870000 2601.540000 20.255000
295.332548 40.208580 2687.350000 1387.270000 20.266000
295.314459 40.189020 4863.310000 1396.370000 20.282000
295.338490 40.226572 1111.800000 1987.370000 20.290000
295.337330 40.229527 938.000000 2207.320000 20.296000
295.300437 40.233117 2138.460000 4490.950000 20.319000
295.338680 40.210396 2308.110000 1133.360000 20.320000
295.313784 40.197930 4226.940000 1898.960000 20.324000
295.260464 40.211368 5347.330000 5630.910000 20.327000
295.302478 40.212365 3602.190000 3293.870000 20.329000
295.346042 40.206810 2281.940000 528.040000 20.335000
295.337159 40.218767 1745.660000 1656.180000 20.349000
295.288613 40.228606 2944.540000 4928.060000 20.347000
295.319304 40.197810 4016.210000 1578.900000 20.368000
295.285138 40.217379 3918.640000 4540.830000 20.369000
295.308985 40.224524 2438.200000 3557.410000 20.402000
295.357558 40.229767 115.080000 1070.540000 20.418000
295.308153 40.202661 4098.840000 2465.630000 20.420000
295.310044 40.241003 1169.380000 4355.810000 20.423000
295.365963 40.223640 236.320000 273.580000 20.436000
295.282211 40.218351 3962.620000 4757.890000 20.464000
295.363917 40.221295 492.270000 267.490000 20.474000
295.274926 40.215083 4495.670000 5001.980000 20.483000
295.277345 40.224551 3694.480000 5357.400000 20.488000
295.324973 40.217086 2355.750000 2261.140000 20.495000
295.340332 40.200869 2951.400000 542.920000 20.479000
295.294397 40.242830 1655.510000 5340.190000 20.497000
295.340433 40.197147 3224.330000 343.130000 20.491000
295.278259 40.219240 4053.630000 5028.900000 20.513000
295.341226 40.228783 838.330000 1947.170000 20.515000
295.326150 40.238284 731.090000 3298.950000 20.537000
295.298851 40.242752 1484.220000 5083.000000 20.544000
295.283399 40.209455 4577.750000 4227.060000 20.553000
295.320481 40.241904 687.140000 3809.720000 20.577000
295.322585 40.196155 4008.750000 1306.080000 20.586000
295.300936 40.240818 1545.300000 4863.740000 20.584000
295.330555 40.209635 2688.170000 1555.520000 20.617000
295.274341 40.215025 4523.300000 5032.180000 20.653000
295.289813 40.213492 4022.110000 4072.640000 20.660000
295.269032 40.216795 4602.560000 5426.210000 20.659000
295.342185 40.215678 1775.460000 1209.540000 20.685000
295.256779 40.211788 5462.560000 5862.370000 20.699000
295.317968 40.236878 1161.260000 3690.600000 20.703000
295.291531 40.230942 2654.630000 4883.850000 20.707000
295.271636 40.211429 4898.610000 4998.750000 20.718000
295.267469 40.205959 5471.610000 4950.870000 20.738000
295.310693 40.233346 1713.550000 3919.990000 20.751000
295.317537 40.235348 1292.300000 3635.400000 20.759000
295.307995 40.200637 4255.750000 2369.200000 20.766000
295.336234 40.226606 1199.040000 2117.310000 20.779000
295.302384 40.190151 5259.660000 2141.980000 20.776000
295.332920 40.238047 479.350000 2902.000000 20.787000
295.307524 40.219371 2879.940000 3372.020000 20.796000
295.286181 40.225287 3288.370000 4893.380000 20.804000
295.315595 40.241131 939.020000 4047.070000 20.808000
295.318009 40.229540 1705.840000 3305.900000 20.811000
295.324028 40.232370 1255.730000 3111.350000 20.829000
295.293320 40.222800 3189.590000 4358.090000 20.862000
295.285051 40.222968 3505.980000 4836.910000 20.866000
295.285889 40.206497 4699.020000 3931.410000 20.892000
295.327994 40.214713 2412.150000 1965.760000 20.910000
295.324643 40.215075 2518.580000 2175.120000 20.929000
295.338629 40.223384 1343.510000 1813.340000 20.930000
295.265390 40.212797 5045.080000 5425.160000 20.972000
295.289433 40.207922 4451.930000 3804.100000 20.981000
295.323746 40.202752 3471.510000 1583.920000 20.977000
295.342408 40.235660 279.490000 2238.530000 20.988000
295.274816 40.213534 4615.430000 4927.490000 20.992000
295.290938 40.199230 5039.240000 3265.820000 20.994000
295.335181 40.201451 3113.120000 866.060000 21.004000
295.355686 40.219465 956.150000 639.760000 21.010000
295.287096 40.230813 2840.510000 5129.200000 21.018000
295.354638 40.225564 544.070000 1017.330000 21.022000
295.347812 40.220880 1164.370000 1160.920000 21.032000
295.346935 40.206468 2271.770000 459.470000 21.041000
295.322922 40.189168 4515.400000 922.870000 21.039000
295.340464 40.213566 2001.150000 1197.240000 21.050000
295.340019 40.222545 1350.610000 1690.620000 21.056000
295.298088 40.235799 2032.190000 4764.170000 21.050000
295.344587 40.235577 198.920000 2110.370000 21.056000
295.312124 40.234161 1595.900000 3881.150000 21.063000
295.342371 40.233719 425.460000 2139.430000 21.059000
295.290392 40.215000 3886.790000 4118.250000 21.071000
295.319941 40.182783 5109.320000 759.650000 21.065000
295.340365 40.221387 1423.070000 1610.520000 21.091000
295.280935 40.208766 4727.100000 4331.320000 21.086000
295.354630 40.232176 52.350000 1362.470000 21.133000
295.286608 40.206676 4657.090000 3899.820000 21.109000
295.349907 40.219199 1206.030000 954.270000 21.120000
295.338966 40.207886 2483.570000 986.300000 21.120000
295.327897 40.226984 1502.660000 2610.770000 21.122000
295.298214 40.209675 3972.130000 3396.110000 21.126000
295.308398 40.202898 4071.480000 2464.080000 21.131000
295.304390 40.186549 5447.990000 1840.260000 21.145000
295.333293 40.228278 1191.620000 2371.600000 21.145000
295.271088 40.206661 5275.390000 4781.650000 21.150000
295.308110 40.244327 998.820000 4638.930000 21.157000
295.285242 40.223464 3461.410000 4851.910000 21.169000
295.291506 40.237831 2142.670000 5244.060000 21.172000
295.304289 40.230397 2187.790000 4130.320000 21.180000
295.322943 40.247627 163.220000 3968.130000 21.178000
295.343053 40.229640 701.850000 1888.010000 21.203000
295.328023 40.241128 444.890000 3340.810000 21.210000
295.304553 40.187200 5393.070000 1864.870000 21.213000
295.317652 40.217176 2640.370000 2681.930000 21.226000
295.327641 40.229906 1295.370000 2777.600000 21.247000
295.310185 40.204846 3855.260000 2463.970000 21.274000
295.335792 40.241560 103.630000 2921.940000 21.283000
295.313716 40.198565 4182.360000 1935.950000 21.291000
295.301782 40.186307 5569.880000 1975.950000 21.309000
295.348674 40.218904 1277.060000 1008.960000 21.305000
295.337766 40.212773 2167.580000 1309.220000 21.324000
295.349671 40.234700 61.860000 1775.830000 21.329000
295.301830 40.223660 2787.150000 3919.080000 21.340000
295.321647 40.186494 4765.180000 856.040000 21.364000
295.301834 40.232150 2154.930000 4361.150000 21.368000
295.347251 40.207969 2147.510000 519.730000 21.347000
295.291536 40.221078 3388.760000 4369.780000 21.399000
295.316969 40.206118 3490.620000 2144.580000 21.402000
295.319669 40.189699 4605.400000 1135.440000 21.416000
295.348311 40.212910 1737.640000 717.090000 21.422000
295.347321 40.201461 2629.050000 176.450000 21.406000
295.357462 40.229266 156.160000 1049.860000 21.415000
295.336521 40.230655 886.220000 2312.100000 21.425000
295.258961 40.212174 5347.030000 5758.330000 21.425000
295.348290 40.226285 743.040000 1415.570000 21.429000
295.329653 40.195695 3761.680000 880.290000 21.427000
295.357250 40.224766 499.420000 827.300000 21.438000
295.333510 40.223073 1570.380000 2087.980000 21.444000
295.322352 40.237282 956.780000 3462.580000 21.437000
295.304220 40.184693 5592.940000 1753.180000 21.440000
295.369113 40.223300 136.260000 76.870000 21.436000
295.304831 40.241779 1318.880000 4692.480000 21.580000
295.302354 40.195382 4871.500000 2416.180000 21.452000
295.324159 40.188910 4485.350000 839.030000 21.457000
295.300255 40.199580 4642.490000 2754.240000 21.479000
295.322460 40.188924 4551.960000 936.360000 21.499000
295.336512 40.203033 2942.420000 872.830000 21.504000
295.287682 40.212383 4189.430000 4136.010000 21.502000
295.361771 40.216821 910.630000 156.160000 21.513000
295.328700 40.245477 94.290000 3528.980000 21.521000
295.311403 40.239995 1190.300000 4226.110000 21.529000
295.273778 40.216691 4421.580000 5150.930000 21.536000
295.357102 40.226877 348.240000 945.790000 21.538000
295.275587 40.202436 5411.100000 4305.830000 21.534000
295.340725 40.223838 1226.320000 1717.830000 21.549000
295.309528 40.193454 4729.490000 1907.800000 21.561000
295.338674 40.205328 2685.520000 869.580000 21.324000
295.331007 40.190416 4100.660000 528.190000 21.579000
295.345310 40.236435 106.340000 2114.060000 21.848000
295.271246 40.209872 5030.060000 4939.850000 21.603000
295.320116 40.188940 4644.100000 1070.510000 21.607000
295.282273 40.206959 4808.450000 4161.080000 21.610000
295.356563 40.219649 907.560000 599.550000 21.751000
295.349513 40.231127 334.060000 1598.500000 21.640000
295.332744 40.199687 3341.450000 912.600000 21.864000
295.271202 40.217070 4495.820000 5317.120000 21.648000
295.339650 40.215461 1892.550000 1342.270000 21.670000
295.332920 40.240046 330.580000 3006.200000 21.664000
295.317988 40.242174 766.240000 3965.440000 21.671000
295.316901 40.240958 899.970000 3963.820000 21.674000
295.366830 40.222721 270.250000 176.360000 21.749000
295.285094 40.206016 4766.400000 3951.570000 21.680000
295.293360 40.202954 4665.620000 3322.070000 21.697000
295.342045 40.224377 1133.650000 1670.930000 21.724000
295.329520 40.191868 4051.750000 688.380000 21.744000
295.337990 40.197291 3310.880000 489.530000 21.738000
295.280544 40.210271 4630.580000 4431.890000 21.736000
295.350390 40.226952 609.850000 1331.000000 21.742000
295.330366 40.244556 96.540000 3386.290000 21.759000
295.325480 40.196782 3846.850000 1174.150000 21.770000
295.275924 40.217466 4278.600000 5069.280000 21.780000
295.353413 40.225249 616.260000 1070.450000 21.783000
295.319254 40.218199 2500.500000 2644.180000 21.796000
295.263750 40.215287 4924.850000 5648.040000 21.799000
295.290712 40.213932 3953.550000 4044.420000 21.805000
295.286174 40.204122 4864.450000 3791.520000 21.859000
295.284185 40.231304 2919.760000 5320.240000 21.819000
295.279507 40.208404 4810.810000 4393.630000 21.826000
295.341575 40.196837 3201.990000 262.020000 21.807000
295.318307 40.240038 912.510000 3836.010000 21.829000
295.333418 40.237515 499.150000 2845.940000 21.836000
295.280177 40.211316 4567.400000 4507.170000 21.845000
295.361233 40.221642 573.380000 438.110000 21.848000
295.275756 40.208054 4986.050000 4588.740000 21.856000
295.292359 40.243958 1652.610000 5514.720000 21.855000
295.278348 40.210827 4676.560000 4585.730000 21.858000
295.360784 40.226673 216.880000 725.900000 21.764000
295.283638 40.207278 4730.400000 4100.060000 21.852000
295.340871 40.209745 2269.370000 974.920000 21.865000
295.339227 40.239433 125.230000 2615.900000 21.857000
295.328383 40.216420 2269.640000 2032.610000 21.884000
295.326973 40.236498 831.260000 3159.170000 21.879000
295.329852 40.244201 143.390000 3397.000000 21.885000
295.338560 40.234978 483.360000 2421.580000 21.770000
295.284396 40.227591 3187.820000 5114.910000 21.892000
295.301357 40.200122 4558.250000 2719.850000 21.808000
295.294341 40.241945 1723.660000 5297.240000 21.903000
295.344709 40.205370 2442.110000 528.730000 21.909000
295.276070 40.213537 4565.280000 4856.390000 21.960000
295.354762 40.230658 160.030000 1275.830000 22.029000
295.286262 40.204165 4857.820000 3788.770000 21.979000
295.317799 40.204725 3561.340000 2024.750000 21.977000
295.362275 40.216775 894.050000 125.080000 22.094000
295.342119 40.220574 1413.790000 1468.500000 21.996000
295.303009 40.235919 1827.550000 4490.740000 21.999000
295.301491 40.201857 4423.770000 2802.560000 22.006000
295.317628 40.196837 4155.280000 1623.490000 22.026000
295.342819 40.211663 2049.050000 964.210000 22.033000
295.274456 40.223832 3862.870000 5484.220000 22.029000
295.339879 40.201231 2942.510000 587.490000 22.042000
295.333910 40.233944 745.350000 2631.870000 22.068000
295.310351 40.237945 1384.770000 4179.040000 22.051000
295.340483 40.226911 1007.280000 1891.800000 22.058000
295.284732 40.205765 4799.510000 3959.050000 22.064000
295.324601 40.239759 682.900000 3463.900000 22.038000
295.317981 40.190074 4644.630000 1251.010000 22.076000
295.291204 40.234974 2367.350000 5112.440000 22.087000
295.310178 40.228829 2070.250000 3713.910000 22.089000
295.336652 40.191113 3823.990000 243.580000 22.114000
295.327998 40.223457 1761.170000 2421.210000 22.095000
295.293825 40.194318 5290.090000 2845.780000 22.099000
295.296799 40.211327 3905.380000 3562.670000 22.111000
295.344956 40.200647 2783.790000 268.490000 22.100000
295.360447 40.216675 974.290000 223.760000 22.184000
295.299012 40.244247 1366.550000 5151.700000 22.122000
295.356100 40.228278 283.920000 1075.770000 22.273000
295.275972 40.211547 4717.360000 4758.300000 22.150000
295.335755 40.234236 650.210000 2542.300000 22.150000
295.283037 40.210177 4538.410000 4285.270000 22.162000
295.279944 40.224563 3590.270000 5210.330000 22.173000
295.272788 40.226781 3709.650000 5732.640000 22.174000
295.272631 40.216344 4493.050000 5198.120000 22.182000
295.296339 40.197721 4936.660000 2880.120000 22.184000
295.321037 40.229439 1592.910000 3128.570000 22.184000
295.315388 40.196505 4269.160000 1733.550000 22.188000
295.342861 40.213188 1933.930000 1041.300000 22.187000
295.306577 40.227446 2316.490000 3846.540000 22.190000
295.351480 40.228553 447.370000 1352.540000 22.554000
295.324714 40.192268 4213.290000 982.510000 22.180000
295.331586 40.237474 575.120000 2947.910000 22.188000
295.364535 40.225310 168.910000 441.790000 22.199000
295.324307 40.241443 569.260000 3568.300000 22.217000
295.333042 40.202750 3101.580000 1055.320000 22.224000
295.302088 40.244236 1245.070000 4976.340000 22.228000
295.317037 40.186614 4939.800000 1124.380000 22.228000
295.355608 40.225934 477.910000 981.480000 22.237000
295.293214 40.218607 3506.020000 4145.640000 22.270000
295.332059 40.194973 3719.530000 705.880000 22.293000
295.355268 40.214065 1374.660000 381.940000 22.385000
295.315765 40.213005 3025.930000 2571.830000 22.302000
295.304368 40.239410 1513.660000 4595.420000 22.302000
295.345706 40.215947 1615.280000 1023.470000 22.322000
295.315641 40.188394 4862.830000 1296.540000 22.029000
295.368337 40.224521 76.290000 184.600000 22.220000
295.307249 40.250492 574.110000 5009.050000 22.515000
295.327497 40.228573 1400.340000 2716.350000 22.339000
295.290536 40.207088 4470.160000 3697.950000 22.344000
295.332088 40.190554 4047.330000 473.910000 22.207000
295.305038 40.221423 2826.060000 3620.220000 22.358000
295.312931 40.191040 4773.740000 1588.540000 22.364000
295.315864 40.184930 5111.800000 1103.360000 22.356000
295.335683 40.207970 2608.020000 1177.280000 22.364000
295.314902 40.186780 5012.440000 1254.430000 22.372000
295.327596 40.215807 2346.550000 2045.370000 22.379000
295.348788 40.204631 2334.700000 258.360000 22.384000
295.293444 40.234560 2309.130000 4963.590000 22.380000
295.305274 40.248023 836.430000 4992.650000 22.388000
295.311764 40.201538 4038.740000 2201.850000 22.391000
295.337893 40.194323 3535.680000 340.320000 22.401000
295.309778 40.192190 4813.600000 1827.730000 22.410000
295.301535 40.237563 1763.880000 4660.150000 22.416000
295.301690 40.185675 5620.580000 1948.250000 22.419000
295.316094 40.190049 4721.650000 1356.960000 22.394000
295.368908 40.223204 151.500000 83.490000 22.370000
295.354941 40.220835 883.880000 753.500000 22.427000
295.265218 40.206257 5538.910000 5094.480000 22.386000
295.285289 40.213353 4212.380000 4322.590000 22.431000
295.295059 40.222556 3138.610000 4246.540000 22.434000
295.317129 40.185238 5038.540000 1047.440000 22.431000
295.334360 40.214567 2169.680000 1596.320000 22.445000
295.316601 40.201744 3830.930000 1937.560000 22.447000
295.294552 40.210458 4059.490000 3645.110000 22.456000
295.276920 40.230507 3267.870000 5691.740000 22.468000
295.358544 40.228024 205.520000 923.600000 22.466000
295.309765 40.193775 4696.180000 1911.040000 22.441000
295.309399 40.229372 2060.830000 3786.520000 22.478000
295.345036 40.207721 2254.190000 632.690000 22.482000
295.295726 40.198506 4902.580000 2955.820000 22.477000
295.303712 40.236632 1746.550000 4487.960000 22.479000
295.344404 40.198374 2974.910000 181.380000 22.494000
295.301561 40.238472 1695.100000 4706.070000 22.495000
295.311786 40.214417 3079.150000 2871.660000 22.505000
295.329382 40.195214 3808.220000 870.610000 22.507000
295.311710 40.188045 5045.310000 1501.880000 21.668000
295.309115 40.245499 871.630000 4642.840000 22.523000
295.282325 40.220046 3831.920000 4839.700000 22.534000
295.272966 40.212236 4785.630000 4965.140000 22.538000
295.356522 40.226604 391.690000 964.490000 22.543000
295.325159 40.235316 991.420000 3200.610000 22.538000
295.317444 40.192573 4479.980000 1411.760000 22.539000
295.324452 40.245057 294.520000 3748.380000 22.467000
295.310637 40.211970 3307.040000 2809.430000 22.556000
295.312060 40.187973 5036.780000 1478.240000 22.547000
295.311698 40.210683 3360.640000 2682.080000 22.563000
295.355817 40.230502 129.660000 1207.770000 22.558000
295.360126 40.213820 1199.490000 93.130000 22.627000
295.267712 40.209460 5201.230000 5119.400000 22.577000
295.326660 40.244520 246.700000 3595.000000 22.580000
295.338069 40.199116 3171.910000 580.160000 22.590000
295.303968 40.213976 3423.010000 3293.060000 22.584000
295.323712 40.191202 4332.520000 983.920000 22.592000
295.291575 40.213669 3938.820000 3981.700000 22.592000
295.310924 40.236187 1492.860000 4054.870000 22.600000
295.296636 40.188317 5624.940000 2373.340000 22.612000
295.277708 40.228237 3405.640000 5528.710000 22.618000
295.347997 40.233296 233.030000 1797.730000 22.615000
295.320588 40.198711 3897.980000 1552.860000 22.640000
295.303674 40.235602 1824.750000 4436.440000 22.641000
295.286152 40.208313 4553.300000 4011.030000 22.646000
295.306992 40.205505 3933.290000 2679.840000 22.654000
295.352472 40.208462 1902.950000 248.740000 22.692000
295.342603 40.231379 590.340000 2004.270000 22.669000
295.341780 40.215632 1795.050000 1230.120000 22.672000
295.315971 40.204692 3636.510000 2126.980000 22.672000
295.287604 40.232238 2714.270000 5174.570000 22.674000
295.354047 40.220926 912.750000 809.050000 22.488000
295.331956 40.236631 623.130000 2882.970000 22.688000
295.321210 40.244479 466.470000 3902.490000 22.696000
295.343016 40.213872 1876.840000 1068.140000 22.710000
295.333466 40.224113 1494.760000 2144.690000 22.711000
295.303234 40.243914 1223.470000 4894.410000 22.713000
295.295561 40.238332 1944.080000 5039.720000 22.714000
295.333926 40.209408 2570.870000 1352.090000 22.724000
295.311898 40.206675 3651.010000 2461.850000 22.728000
295.311965 40.204791 3788.580000 2359.920000 22.732000
295.279217 40.214128 4396.140000 4708.240000 22.727000
295.326635 40.221373 1970.490000 2390.100000 22.736000
295.340162 40.238804 134.860000 2529.970000 22.740000
295.314671 40.191835 4645.300000 1531.020000 23.306000
295.272033 40.220059 4240.170000 5425.530000 22.749000
295.299034 40.228461 2540.900000 4328.140000 22.756000
295.264106 40.209875 5313.720000 5346.080000 22.770000
295.298465 40.243848 1417.980000 5162.020000 22.848000
295.348521 40.203149 2455.640000 196.320000 22.792000
295.332418 40.192406 3896.370000 551.670000 22.796000
295.299088 40.212162 3752.200000 3475.980000 22.794000
295.344219 40.233356 378.900000 2015.510000 22.809000
295.306815 40.243297 1127.010000 4658.790000 22.772000
295.351688 40.214784 1463.720000 622.850000 22.837000
295.350450 40.229862 390.950000 1479.350000 22.844000
295.311068 40.203647 3909.450000 2351.250000 22.856000
295.309344 40.189896 5001.690000 1732.910000 22.866000
295.306081 40.247571 837.970000 4923.200000 22.871000
295.331042 40.239856 419.430000 3102.950000 22.876000
295.293805 40.195057 5235.790000 2885.400000 22.825000
295.279557 40.226448 3465.320000 5330.460000 22.892000
295.270265 40.212134 4900.600000 5113.430000 22.894000
295.330752 40.224523 1572.210000 2320.310000 22.900000
295.278570 40.207909 4884.950000 4421.180000 22.897000
295.297635 40.225394 2824.870000 4247.930000 22.949000
295.361546 40.215895 988.540000 120.600000 22.926000
295.342128 40.201896 2803.430000 494.360000 22.921000
295.346087 40.215471 1635.530000 976.990000 22.932000
295.334696 40.242447 81.230000 3030.390000 22.776000
295.323939 40.238812 779.720000 3452.120000 22.946000
295.349850 40.208733 1987.190000 411.870000 22.950000
295.326152 40.236072 895.700000 3183.590000 22.940000
295.336578 40.201520 3052.440000 790.220000 22.947000
295.350599 40.225653 698.260000 1251.430000 22.957000
295.335268 40.228528 1094.390000 2272.420000 22.965000
295.296650 40.217737 3434.100000 3905.020000 22.962000
295.335379 40.197855 3372.870000 667.370000 22.944000
295.298135 40.187597 5618.920000 2250.580000 22.958000
295.322264 40.189873 4489.160000 996.970000 22.969000
295.335661 40.209401 2502.360000 1253.130000 22.992000
295.276839 40.203053 5315.430000 4266.700000 22.985000
295.347753 40.218476 1345.610000 1038.940000 22.994000
295.347460 40.232052 346.920000 1763.400000 23.006000
295.328471 40.223879 1710.910000 2416.350000 23.005000
295.325061 40.221737 2006.030000 2498.560000 23.006000
295.286873 40.230611 2864.460000 5131.370000 23.006000
295.300672 40.235974 1916.480000 4626.400000 23.013000
295.311571 40.190888 4839.220000 1657.950000 23.014000
295.338649 40.237106 321.510000 2527.420000 23.011000
295.322457 40.201108 3645.130000 1571.500000 23.018000
295.303826 40.191558 5097.600000 2133.270000 23.022000
295.356445 40.224137 578.300000 840.240000 23.034000
295.263829 40.216040 4865.630000 5682.800000 23.034000
295.326683 40.212802 2606.590000 1940.670000 23.041000
295.333523 40.228710 1150.320000 2381.030000 23.049000
295.364203 40.217746 745.000000 66.170000 23.052000
295.352276 40.206689 2042.720000 167.420000 23.041000
295.319133 40.204379 3533.950000 1930.930000 23.063000
295.326897 40.240895 507.040000 3392.570000 23.064000
295.338050 40.215325 1966.370000 1426.130000 23.076000
295.275818 40.214441 4508.070000 4917.780000 23.072000
295.356652 40.215763 1193.190000 391.840000 23.087000
295.310413 40.242643 1032.580000 4420.320000 22.951000
295.313773 40.238785 1186.090000 4028.370000 23.087000
295.311193 40.203582 3909.290000 2340.840000 23.100000
295.311669 40.234649 1577.710000 3932.390000 23.102000
295.310817 40.231175 1870.200000 3799.860000 23.109000
295.337202 40.221837 1515.470000 1813.770000 23.118000
295.344202 40.198307 2987.950000 189.390000 23.092000
295.345276 40.216500 1591.310000 1076.720000 23.140000
295.331102 40.190249 4109.320000 514.050000 23.141000
295.296860 40.196077 5038.380000 2764.820000 23.150000
295.313464 40.203829 3800.540000 2224.520000 23.153000
295.336593 40.201669 3040.750000 797.130000 23.155000
295.333474 40.204343 2965.860000 1113.820000 23.157000
295.331093 40.202559 3193.440000 1156.180000 23.183000
295.328263 40.198000 3645.400000 1079.480000 23.206000
295.301025 40.242124 1444.590000 4926.730000 22.941000
295.335248 40.238334 365.450000 2784.670000 22.955000
295.338015 40.210575 2321.240000 1180.560000 23.203000
295.320408 40.242131 673.210000 3825.710000 23.219000
295.339899 40.211877 2149.340000 1141.310000 23.225000
295.328636 40.224042 1692.230000 2415.500000 23.226000
295.315486 40.224057 2214.330000 3163.640000 23.229000
295.315117 40.240350 1016.190000 4033.550000 23.227000
295.329443 40.198645 3550.420000 1045.980000 23.243000
295.281324 40.225840 3440.300000 5198.320000 23.241000
295.350679 40.224652 769.530000 1194.650000 23.247000
295.279253 40.210404 4672.050000 4512.210000 23.255000
295.292392 40.224623 3090.760000 4505.780000 23.249000
295.309789 40.224954 2374.230000 3534.110000 23.257000
295.320542 40.240808 766.310000 3749.170000 23.263000
295.289707 40.206194 4569.690000 3698.560000 23.278000
295.293633 40.217630 3562.060000 4070.990000 23.291000
295.341752 40.218323 1595.860000 1372.060000 23.297000
295.334581 40.210277 2480.150000 1360.200000 23.286000
295.318725 40.191187 4532.160000 1266.690000 23.303000
295.329967 40.211538 2569.940000 1688.180000 23.298000
295.330005 40.213178 2446.360000 1771.450000 23.302000
295.314755 40.210533 3250.120000 2500.520000 23.306000
295.321001 40.222143 2137.380000 2750.400000 23.303000
295.324572 40.229408 1454.560000 2926.060000 23.304000
295.348537 40.212456 1762.440000 680.570000 23.332000
295.330797 40.238582 524.020000 3050.480000 23.152000
295.319033 40.238741 980.160000 3727.210000 23.345000
295.311280 40.193982 4620.500000 1835.680000 23.358000
295.311675 40.208954 3490.260000 2593.310000 23.359000
295.325167 40.236561 898.430000 3265.040000 23.361000
295.313758 40.234707 1490.300000 3816.770000 23.360000
295.326782 40.200658 3506.510000 1302.170000 23.347000
295.334816 40.205748 2807.910000 1110.760000 23.373000
295.300942 40.223347 2845.750000 3953.310000 23.373000
295.321757 40.238021 925.420000 3534.880000 23.368000
295.326782 40.219902 2074.110000 2305.080000 23.385000
295.329786 40.195441 3775.220000 859.520000 23.398000
295.347760 40.221438 1124.940000 1192.980000 23.414000
295.313587 40.240847 1040.080000 4146.350000 23.409000
295.304871 40.201115 4344.540000 2571.750000 23.415000
295.285489 40.227643 3140.450000 5055.490000 23.418000
295.332629 40.209851 2589.530000 1448.950000 23.430000
295.310457 40.239818 1241.180000 4270.620000 23.431000
295.346875 40.219441 1308.730000 1139.200000 23.445000
295.325920 40.208914 2926.340000 1781.450000 23.455000
295.306731 40.209059 3679.090000 2879.840000 23.458000
295.318539 40.242611 711.770000 3956.890000 23.450000
295.321896 40.194243 4178.460000 1245.660000 23.470000
295.325805 40.240981 544.060000 3459.150000 23.468000
295.301953 40.198049 4688.890000 2577.890000 23.461000
295.282473 40.224934 3462.090000 5085.810000 23.485000
295.312780 40.192844 4645.470000 1691.090000 23.464000
295.341332 40.212897 2016.440000 1113.020000 23.485000
295.310472 40.191262 4855.100000 1739.890000 23.483000
295.293104 40.218330 3531.000000 4137.500000 23.502000
295.331680 40.205652 2939.790000 1284.010000 23.518000
295.302586 40.205160 4134.330000 2912.340000 23.514000
295.333197 40.195758 3615.840000 682.090000 23.524000
295.355494 40.209986 1669.210000 156.420000 23.187000
295.302080 40.218977 3125.830000 3660.920000 23.528000
295.355953 40.218070 1049.390000 551.810000 23.540000
295.273909 40.220399 4140.320000 5336.560000 23.541000
295.298317 40.208973 4020.260000 3353.770000 23.561000
295.327379 40.233366 1048.230000 2972.880000 23.568000
295.322061 40.219984 2255.930000 2577.650000 23.583000
295.324856 40.215848 2452.570000 2203.240000 23.580000
295.302878 40.196535 4764.730000 2446.450000 23.579000
295.291152 40.224368 3159.090000 4562.960000 23.592000
295.312619 40.229894 1893.880000 3630.730000 23.592000
295.303093 40.224122 2702.510000 3871.350000 23.606000
295.340093 40.209894 2289.220000 1026.940000 23.613000
295.344796 40.221198 1260.760000 1348.930000 23.632000
295.312133 40.233663 1632.660000 3854.710000 23.621000
295.321776 40.198796 3844.340000 1489.770000 23.630000
295.279247 40.209224 4760.080000 4451.110000 23.638000
295.334432 40.221149 1676.920000 1935.330000 23.649000
295.324434 40.194810 4035.260000 1130.930000 23.656000
295.339263 40.233728 548.400000 2316.480000 23.670000
295.285304 40.201120 5122.590000 3684.650000 23.674000
295.284163 40.220795 3703.040000 4774.230000 23.696000
295.324135 40.198791 3750.890000 1355.360000 23.688000
295.321434 40.241091 709.730000 3713.230000 23.718000
295.322816 40.232348 1305.580000 3179.060000 23.724000
295.305023 40.194126 4858.720000 2198.990000 23.730000
295.323753 40.197491 3862.810000 1309.310000 23.740000
295.328750 40.203831 3192.050000 1355.660000 23.722000
295.304773 40.239755 1471.910000 4590.320000 23.742000
295.318607 40.237249 1108.210000 3673.640000 23.737000
295.317152 40.210081 3188.410000 2340.690000 23.768000
295.292206 40.215776 3756.870000 4055.540000 23.751000
295.280874 40.218249 4023.450000 4828.610000 23.774000
295.314165 40.225962 2125.030000 3337.950000 23.811000
295.283556 40.214465 4198.560000 4479.050000 23.797000
295.315197 40.231877 1643.690000 3587.510000 23.800000
295.310305 40.237042 1453.860000 4134.630000 23.826000
295.341420 40.221408 1379.490000 1551.740000 23.869000
295.299872 40.202123 4468.410000 2908.480000 23.872000
295.338744 40.221058 1512.090000 1685.510000 23.886000
295.313830 40.205759 3642.270000 2304.300000 23.903000
295.316839 40.214285 2887.920000 2577.490000 23.895000
295.308841 40.209310 3576.450000 2772.980000 23.937000
295.322279 40.231585 1383.690000 3169.820000 23.948000
295.319956 40.219745 2357.480000 2684.840000 23.961000
295.321880 40.231690 1391.770000 3197.970000 23.959000
295.318300 40.234585 1318.680000 3552.310000 23.971000
295.316576 40.214813 2859.040000 2619.980000 23.974000
295.316311 40.225284 2090.180000 3180.610000 24.004000
295.332028 40.217287 2060.020000 1870.670000 24.007000
295.347548 40.220841 1177.740000 1173.910000 24.018000
295.325209 40.230606 1340.040000 2952.290000 24.019000
295.343384 40.214980 1779.670000 1104.990000 24.031000
295.313465 40.224794 2239.840000 3316.900000 24.049000
295.328328 40.217481 2192.830000 2091.000000 24.042000
295.319102 40.205114 3480.510000 1971.020000 24.045000
295.300392 40.214246 3545.180000 3510.460000 24.039000
295.308208 40.232376 1884.610000 4010.680000 24.057000
295.332504 40.225836 1404.780000 2289.170000 24.059000
295.349101 40.231643 312.090000 1648.840000 25.289000
295.282567 40.216184 4109.870000 4624.770000 24.085000
295.300691 40.218347 3227.950000 3707.080000 24.114000
295.345547 40.223950 1026.090000 1449.690000 24.111000
295.312547 40.233636 1618.180000 3829.790000 24.150000
295.294848 40.211400 3977.640000 3677.390000 24.157000
295.296902 40.219068 3325.010000 3960.010000 24.221000
295.305935 40.227505 2337.560000 3886.090000 24.274000
295.312204 40.206811 3628.710000 2451.530000 24.289000
295.331802 40.215274 2218.820000 1778.540000 24.383000
295.367216 40.223224 217.380000 180.680000 25.699000
295.364337 40.217863 730.990000 64.660000 25.231000
295.313323 40.246585 623.410000 4460.390000 25.642000
295.354618 40.214369 1377.940000 434.730000 26.244000
295.306752 40.247532 814.250000 4883.060000 26.461000
295.293676 40.145927 4873.880000 4385.550000 14.195000
295.336545 40.158475 2232.550000 2600.280000 14.410000
295.306713 40.159502 3344.220000 4350.890000 14.462000
295.329103 40.162578 2223.620000 3237.430000 14.389000
295.299176 40.173389 2610.410000 5503.100000 14.708000
295.310927 40.153530 3621.030000 3799.960000 14.727000
295.326529 40.146584 3516.610000 2550.330000 14.772000
295.305355 40.132263 5426.070000 3009.050000 14.940000
295.309624 40.170058 2442.530000 4735.260000 14.994000
295.310152 40.166437 2691.060000 4516.520000 15.042000
295.322241 40.168300 2070.950000 3925.970000 14.947000
295.320250 40.124390 5418.740000 1751.100000 15.081000
295.317688 40.174446 1794.830000 4505.220000 14.957000
295.334342 40.168623 1565.030000 3254.560000 14.839000
295.291766 40.137249 5596.080000 4042.260000 15.173000
295.346341 40.152000 2324.160000 1705.590000 14.910000
295.329809 40.147678 3304.520000 2420.730000 15.075000
295.332808 40.152754 2807.230000 2514.670000 15.308000
295.334600 40.140447 3651.840000 1771.250000 14.799000
295.324090 40.170555 1829.510000 3938.320000 14.950000
295.299636 40.163435 3333.210000 4958.410000 15.241000
295.338496 40.151430 2679.200000 2122.080000 15.055000
295.332286 40.161937 2144.500000 3023.010000 15.267000
295.326625 40.153630 2988.350000 2912.100000 15.054000
295.291041 40.166473 3449.120000 5605.690000 15.373000
295.312570 40.168453 2444.670000 4484.030000 15.284000
295.326248 40.138205 4151.430000 2129.680000 15.188000
295.319880 40.167037 2259.030000 3994.480000 15.296000
295.326305 40.131253 4666.630000 1764.140000 15.413000
295.307394 40.131007 5438.380000 2827.540000 15.390000
295.300082 40.146460 4579.140000 4048.750000 15.429000
295.335235 40.168364 1548.700000 3190.250000 15.449000
295.333346 40.140766 3678.030000 1859.270000 15.204000
295.339891 40.153578 2463.730000 2154.730000 15.345000
295.300758 40.168244 2930.500000 5145.060000 15.532000
295.328657 40.166573 1944.040000 3470.990000 15.402000
295.306834 40.181426 1707.340000 5486.220000 15.513000
295.320942 40.170111 1987.960000 4094.210000 15.402000
295.304289 40.169398 2704.000000 5004.330000 15.577000
295.317001 40.142176 4224.270000 2862.720000 15.534000
295.309094 40.160622 3166.020000 4273.790000 15.527000
295.288469 40.153938 4484.790000 5099.160000 15.805000
295.307380 40.182942 1572.740000 5534.120000 15.623000
295.318195 40.138852 4424.070000 2621.620000 15.457000
295.309849 40.155740 3499.380000 3976.440000 15.496000
295.302160 40.165106 3108.300000 4901.830000 15.717000
295.317338 40.171043 2062.070000 4347.800000 15.652000
295.290392 40.164722 3605.360000 5551.340000 15.837000
295.323432 40.164234 2326.240000 3646.360000 15.553000
295.314479 40.159112 3064.000000 3888.790000 15.554000
295.316718 40.176883 1652.070000 4687.360000 15.538000
295.313042 40.160502 3017.770000 4042.900000 15.633000
295.314920 40.163383 2728.480000 4086.200000 15.741000
295.295277 40.148102 4648.240000 4407.740000 15.824000
295.312353 40.144441 4240.830000 3245.260000 15.873000
295.314685 40.142181 4316.160000 2994.780000 15.819000
295.308863 40.140364 4683.310000 3231.450000 15.847000
295.341752 40.150425 2624.230000 1884.480000 15.768000
295.300154 40.172493 2638.210000 5400.810000 15.834000
295.293133 40.160456 3813.800000 5173.240000 16.083000
295.296324 40.159046 3791.820000 4918.190000 16.088000
295.315890 40.139746 4449.390000 2799.400000 15.858000
295.298693 40.139171 5177.140000 3748.080000 15.877000
295.296575 40.173333 2718.110000 5648.180000 15.984000
295.316392 40.175801 1745.560000 4649.490000 15.982000
295.311210 40.165160 2743.990000 4389.830000 16.044000
295.340805 40.162968 1728.500000 2592.170000 16.135000
295.292316 40.162654 3682.740000 5334.200000 16.094000
295.305895 40.155330 3687.420000 4180.060000 16.176000
295.322621 40.137039 4382.760000 2275.300000 16.199000
295.291438 40.158881 3998.620000 5187.630000 16.985000
295.337289 40.166902 1575.720000 2997.210000 16.243000
295.310271 40.170546 2380.420000 4723.850000 16.352000
295.314885 40.166832 2473.220000 4267.890000 16.139000
295.335929 40.155497 2478.730000 2480.130000 16.330000
295.321003 40.146471 3745.160000 2858.880000 15.914000
295.303863 40.158854 3505.940000 4479.240000 16.424000
295.283783 40.157206 4428.030000 5535.980000 16.414000
295.274835 40.147213 5528.220000 5524.820000 16.574000
295.320721 40.175307 1609.930000 4377.590000 16.383000
295.305748 40.181259 1762.950000 5539.280000 16.327000
295.344742 40.161953 1647.180000 2315.360000 16.542000
295.307249 40.160068 3280.760000 4349.830000 16.611000
295.313453 40.127336 5470.280000 2291.460000 16.325000
295.272831 40.150495 5363.610000 5809.810000 16.913000
295.307786 40.132857 5285.030000 2901.670000 16.750000
295.344568 40.161729 1670.800000 2313.570000 16.709000
295.302818 40.179957 1976.540000 5638.090000 16.474000
295.293861 40.145997 4861.340000 4378.680000 16.813000
295.337842 40.165662 1645.980000 2901.160000 16.852000
295.320236 40.146934 3741.210000 2926.610000 16.620000
295.286812 40.146863 5077.490000 4824.950000 17.802000
295.313381 40.135535 4862.800000 2722.780000 16.751000
295.305899 40.167554 2777.180000 4816.690000 16.862000
295.302544 40.159842 3484.860000 4605.790000 16.959000
295.315312 40.175835 1786.060000 4712.720000 16.917000
295.299216 40.173392 2608.620000 5501.030000 17.407000
295.298537 40.142864 4908.390000 3949.380000 17.063000
295.318346 40.168997 2174.210000 4183.850000 16.925000
295.284613 40.162034 4035.450000 5740.210000 16.858000
295.303019 40.176328 2238.730000 5437.610000 17.054000
295.312171 40.133821 5038.580000 2702.310000 17.091000
295.280835 40.150771 5024.480000 5368.670000 17.417000
295.296406 40.170220 2956.610000 5495.580000 17.586000
295.312562 40.126305 5582.480000 2288.420000 17.688000
295.281617 40.147380 5245.860000 5147.490000 17.651000
295.305145 40.170431 2593.050000 5009.480000 17.547000
295.291464 40.151612 4538.740000 4807.520000 18.719000
295.320180 40.133584 4737.220000 2234.140000 17.791000
295.283043 40.152904 4777.780000 5354.080000 17.750000
295.324224 40.171063 1786.380000 3957.160000 17.640000
295.286772 40.146897 5076.600000 4828.950000 18.561000
295.315793 40.139736 4453.980000 2804.410000 17.893000
295.303447 40.168540 2801.400000 5007.570000 17.743000
295.308364 40.136050 5024.330000 3035.070000 17.630000
295.329988 40.159180 2441.260000 3010.040000 20.705000
295.314408 40.176673 1759.580000 4807.790000 17.826000
295.319849 40.138438 4389.060000 2505.910000 17.890000
295.316014 40.132081 5015.050000 2392.890000 17.943000
295.323612 40.139388 4168.410000 2341.330000 17.786000
295.301680 40.150759 4195.450000 4181.760000 17.862000
295.306707 40.159473 3346.600000 4349.710000 19.450000
295.298817 40.163172 3385.380000 4991.310000 21.360000
295.309973 40.167404 2626.150000 4577.150000 18.191000
295.306838 40.182636 1617.060000 5549.070000 18.247000
295.307864 40.169967 2519.360000 4830.620000 18.457000
295.309560 40.170070 2444.140000 4739.550000 22.312000
295.308391 40.173354 2246.230000 4977.100000 18.736000
295.301137 40.135945 5319.930000 3440.950000 18.701000
295.310091 40.132398 5227.390000 2746.500000 18.653000
295.311541 40.178671 1725.000000 5074.980000 18.892000
295.283590 40.159035 4299.460000 5642.230000 18.870000
295.350623 40.132650 3593.480000 453.190000 18.952000
295.350962 40.136014 3329.660000 609.270000 18.973000
295.288874 40.160528 3977.980000 5419.330000 18.985000
295.309618 40.170022 2445.380000 4733.720000 19.418000
295.347600 40.132406 3732.170000 612.490000 19.027000
295.295071 40.170780 2968.080000 5600.740000 19.037000
295.366241 40.159951 939.450000 988.350000 19.082000
295.291383 40.164597 3575.240000 5488.490000 19.062000
295.292245 40.146355 4899.070000 4489.250000 19.135000
295.321028 40.178602 1352.460000 4531.860000 19.106000
295.300809 40.135417 5372.390000 3432.100000 19.100000
295.338360 40.126108 4569.170000 809.920000 19.197000
295.353498 40.138106 3072.870000 574.050000 19.204000
295.324160 40.154499 3021.850000 3097.570000 20.164000
295.317112 40.138647 4482.570000 2672.550000 19.280000
295.312047 40.130787 5269.350000 2551.280000 19.205000
295.308581 40.181519 1630.860000 5391.720000 19.263000
295.298359 40.173216 2655.840000 5540.610000 19.276000
295.293260 40.140316 5308.230000 4116.970000 19.453000
295.292972 40.168416 3227.600000 5597.010000 19.453000
295.335605 40.126076 4681.360000 965.010000 19.540000
295.299779 40.167617 3016.130000 5168.130000 19.568000
295.379903 40.160299 369.030000 229.590000 19.588000
295.294710 40.166045 3335.000000 5374.640000 19.601000
295.286697 40.145295 5198.860000 4749.830000 19.640000
295.340969 40.177936 607.990000 3363.090000 19.713000
295.336181 40.127546 4549.030000 1008.890000 19.692000
295.368805 40.161308 736.320000 913.290000 19.697000
295.334200 40.131292 4349.150000 1316.840000 19.681000
295.336389 40.125746 4674.620000 903.210000 19.738000
295.305921 40.130545 5531.460000 2887.310000 19.730000
295.363263 40.147501 1984.580000 508.440000 19.779000
295.370896 40.168940 85.090000 1192.410000 19.786000
295.334983 40.175850 1001.590000 3594.780000 19.795000
295.373136 40.150367 1377.750000 96.410000 19.810000
295.357686 40.175504 123.070000 2285.810000 19.788000
295.323583 40.182777 939.960000 4604.100000 19.803000
295.296843 40.174106 2649.970000 5673.180000 19.801000
295.328187 40.182221 798.030000 4313.320000 19.823000
295.304033 40.166665 2917.650000 4876.510000 19.827000
295.319671 40.128020 5171.620000 1973.210000 19.834000
295.355616 40.138000 2996.380000 448.020000 19.880000
295.321308 40.181213 1146.980000 4651.970000 19.888000
295.366297 40.166768 429.950000 1340.650000 19.923000
295.282325 40.146627 5273.710000 5068.050000 19.947000
295.320882 40.181128 1170.290000 4671.760000 19.982000
295.354928 40.138408 2993.400000 508.480000 20.025000
295.318786 40.124725 5452.130000 1851.860000 20.009000
295.374884 40.163330 343.570000 673.050000 20.120000
295.338906 40.180631 489.520000 3620.930000 20.100000
295.335443 40.184172 363.920000 4002.410000 20.131000
295.370340 40.166400 296.250000 1091.600000 20.145000
295.283881 40.153763 4680.470000 5351.060000 20.118000
295.363085 40.167443 507.740000 1558.470000 20.171000
295.302903 40.143970 4652.230000 3758.500000 20.164000
295.371560 40.161245 631.200000 753.370000 20.213000
295.273222 40.147926 5539.390000 5653.770000 20.239000
295.337149 40.178157 743.670000 3591.860000 20.378000
295.378195 40.156902 689.850000 149.590000 20.306000
295.315119 40.169595 2258.180000 4398.550000 20.321000
295.287644 40.160460 4032.060000 5485.740000 20.289000
295.287197 40.159158 4146.760000 5443.400000 20.334000
295.340336 40.182761 274.070000 3650.610000 20.341000
295.283043 40.146375 5263.870000 5014.030000 20.340000
295.353715 40.169429 733.290000 2194.830000 20.367000
295.381411 40.158145 469.190000 31.540000 20.394000
295.298728 40.163174 3388.780000 4996.440000 20.561000
295.344666 40.131481 3917.950000 731.170000 20.525000
295.353236 40.177411 158.420000 2638.200000 20.458000
295.305190 40.170036 2620.660000 4986.300000 20.441000
295.298103 40.159723 3670.590000 4852.240000 20.491000
295.370751 40.169611 40.960000 1235.660000 20.508000
295.326192 40.169548 1820.770000 3766.280000 20.556000
295.368869 40.165143 448.420000 1109.670000 20.537000
295.364651 40.143713 2211.110000 231.980000 20.547000
295.358058 40.174027 218.140000 2187.620000 20.549000
295.380740 40.163800 75.210000 364.640000 20.571000
295.362057 40.162466 919.090000 1357.360000 20.550000
295.289016 40.140148 5489.700000 4349.780000 20.580000
295.325868 40.180005 1055.320000 4329.720000 20.609000
295.324769 40.176868 1332.570000 4228.680000 20.614000
295.348065 40.169772 932.890000 2533.970000 20.549000
295.291002 40.157436 4123.520000 5137.150000 20.649000
295.322662 40.183538 920.020000 4696.140000 20.671000
295.339638 40.130011 4227.770000 940.630000 20.687000
295.319576 40.123476 5513.670000 1741.790000 20.678000
295.323325 40.178804 1245.940000 4411.710000 20.877000
295.333173 40.121511 5118.020000 865.510000 20.714000
295.300131 40.132707 5601.100000 3329.490000 20.677000
295.365559 40.145159 2067.300000 255.710000 20.738000
295.280596 40.154110 4785.340000 5556.150000 20.722000
295.323319 40.178836 1243.800000 4413.700000 20.945000
295.373470 40.159543 681.680000 555.970000 20.769000
295.358475 40.171499 389.650000 2032.090000 20.785000
295.330300 40.131693 4474.650000 1559.690000 20.772000
295.291519 40.158317 4037.350000 5153.650000 20.810000
295.285870 40.148031 5028.050000 4939.360000 20.815000
295.344594 40.179142 373.830000 3219.850000 20.821000
295.312508 40.126625 5560.840000 2308.210000 20.848000
295.366912 40.169105 231.590000 1427.550000 20.873000
295.339716 40.186135 47.670000 3861.750000 20.825000
295.316493 40.179574 1460.680000 4840.400000 20.864000
295.283150 40.142021 5583.880000 4781.200000 20.883000
295.287067 40.159173 4150.800000 5451.590000 20.914000
295.331347 40.122639 5106.830000 1028.250000 20.930000
295.348409 40.178730 252.560000 2981.430000 20.938000
295.283065 40.146896 5224.250000 5039.870000 20.909000
295.297007 40.143095 4952.160000 4048.440000 20.975000
295.320815 40.177678 1429.700000 4495.800000 21.033000
295.284393 40.141975 5537.780000 4708.050000 21.026000
295.320019 40.182874 1074.650000 4811.780000 21.061000
295.319744 40.138270 4405.730000 2503.140000 21.084000
295.359971 40.170471 406.560000 1893.460000 21.105000
295.341721 40.129108 4211.940000 775.000000 21.106000
295.363147 40.172526 127.100000 1820.000000 21.136000
295.351262 40.135323 3369.180000 556.180000 21.146000
295.321730 40.181242 1128.030000 4629.440000 21.172000
295.320382 40.131062 4916.860000 2091.250000 21.229000
295.305903 40.175667 2173.100000 5239.100000 21.205000
295.341055 40.127158 4383.580000 711.270000 21.236000
295.370477 40.157341 964.860000 611.290000 21.277000
295.339976 40.133574 3949.110000 1107.140000 21.342000
295.321981 40.179622 1238.600000 4530.780000 21.282000
295.371249 40.155497 1071.270000 471.230000 21.315000
295.339460 40.185747 86.700000 3856.080000 21.290000
295.327607 40.125427 5048.400000 1386.390000 21.342000
295.376217 40.158210 671.360000 330.280000 21.347000
295.335215 40.129113 4470.880000 1145.550000 21.372000
295.288012 40.159652 4077.560000 5422.770000 21.341000
295.321726 40.186586 730.420000 4908.180000 21.392000
295.321444 40.133522 4691.460000 2158.960000 21.407000
295.348574 40.178724 246.430000 2971.800000 21.426000
295.324508 40.181444 1002.390000 4481.970000 21.440000
295.339464 40.185623 95.780000 3849.420000 21.434000
295.360502 40.165674 742.310000 1613.130000 21.580000
295.364969 40.145768 2045.480000 321.040000 21.466000
295.356741 40.140349 2776.750000 506.530000 21.469000
295.321844 40.181260 1122.130000 4623.960000 21.470000
295.322252 40.178252 1329.780000 4444.000000 21.467000
295.372416 40.154701 1084.000000 363.330000 21.509000
295.328431 40.177468 1142.120000 4051.690000 21.624000
295.340711 40.185101 85.010000 3751.290000 21.514000
295.302736 40.156650 3714.900000 4428.560000 21.467000
295.292650 40.162265 3698.410000 5294.910000 21.523000
295.377423 40.159429 532.650000 325.250000 21.561000
295.342226 40.137048 3600.880000 1160.190000 21.625000
295.322709 40.133876 4614.700000 2105.410000 21.532000
295.330927 40.122920 5102.710000 1066.760000 21.590000
295.278731 40.150423 5134.100000 5470.270000 21.556000
295.369481 40.151358 1449.730000 355.940000 21.599000
295.291539 40.168295 3293.690000 5672.230000 21.543000
295.294201 40.168116 3201.080000 5511.460000 21.576000
295.354820 40.174537 309.170000 2398.340000 21.657000
295.379253 40.164734 64.990000 497.880000 21.680000
295.305193 40.180404 1848.690000 5526.300000 21.663000
295.335514 40.127417 4585.150000 1040.130000 21.687000
295.378254 40.160698 405.060000 344.230000 21.687000
295.345457 40.181047 197.730000 3270.080000 21.670000
295.314562 40.127259 5431.830000 2224.290000 21.656000
295.327028 40.129562 4763.750000 1634.830000 21.724000
295.286083 40.141881 5477.490000 4606.990000 21.698000
295.277899 40.153596 4930.990000 5682.850000 21.705000
295.337178 40.170671 1299.640000 3200.030000 21.884000
295.375906 40.156597 803.800000 263.800000 21.766000
295.376978 40.162878 293.700000 530.440000 21.766000
295.359475 40.141880 2553.850000 430.810000 21.773000
295.359844 40.140445 2645.900000 334.970000 21.775000
295.371429 40.167756 151.980000 1100.390000 21.777000
295.357499 40.139580 2803.750000 423.250000 21.805000
295.351670 40.179921 34.050000 2858.130000 21.827000
295.370037 40.163168 548.820000 940.250000 21.773000
295.275325 40.153300 5055.500000 5813.880000 21.787000
295.367788 40.159451 915.050000 874.270000 21.930000
295.367729 40.150000 1620.620000 384.760000 21.867000
295.319056 40.178132 1465.980000 4619.490000 21.850000
295.316230 40.136847 4651.700000 2628.960000 21.885000
295.376962 40.160672 458.490000 416.330000 22.014000
295.372175 40.168791 45.260000 1111.930000 21.899000
295.288761 40.150315 4742.930000 4893.830000 21.870000
295.274823 40.151095 5239.650000 5727.680000 21.871000
295.327445 40.125688 5035.390000 1409.200000 21.928000
295.346796 40.176602 475.130000 2962.260000 21.938000
295.332546 40.121777 5123.250000 915.000000 21.990000
295.364947 40.168639 344.600000 1514.930000 21.995000
295.277793 40.144713 5596.650000 5226.290000 21.992000
295.350915 40.136062 3327.950000 614.460000 21.987000
295.359633 40.169222 512.940000 1847.490000 22.038000
295.367259 40.147156 1850.950000 263.200000 22.029000
295.346745 40.176577 479.060000 2963.800000 22.029000
295.380323 40.157609 552.390000 65.410000 22.058000
295.336381 40.129858 4368.950000 1117.970000 22.062000
295.323955 40.177058 1350.840000 4284.920000 22.048000
295.365959 40.149751 1709.670000 472.500000 22.069000
295.331710 40.125423 4885.220000 1152.670000 22.115000
295.348209 40.130124 3877.720000 458.830000 22.169000
295.380833 40.161363 252.820000 232.250000 22.094000
295.325850 40.182819 846.570000 4477.390000 22.250000
295.337828 40.131508 4188.460000 1121.650000 22.309000
295.370230 40.160227 759.940000 775.930000 22.119000
295.316884 40.181127 1329.520000 4899.070000 22.120000
295.323565 40.183725 870.150000 4654.470000 22.129000
295.347689 40.176379 456.170000 2899.820000 22.169000
295.373557 40.155765 959.370000 353.960000 22.132000
295.371722 40.168077 116.390000 1100.450000 22.360000
295.350048 40.135939 3371.670000 657.330000 22.064000
295.362217 40.143072 2355.870000 337.000000 22.155000
295.371703 40.159147 781.640000 635.780000 22.501000
295.321282 40.180374 1210.480000 4609.710000 22.208000
295.375041 40.162077 430.530000 598.820000 22.166000
295.294429 40.136476 5547.590000 3850.380000 22.130000
295.316131 40.123622 5640.040000 1945.500000 22.166000
295.320795 40.181549 1142.410000 4698.610000 22.212000
295.339507 40.183541 249.020000 3738.400000 22.119000
295.324689 40.178586 1207.910000 4322.780000 22.204000
295.341395 40.179500 474.580000 3420.460000 22.208000
295.298801 40.152952 4146.860000 4459.830000 22.204000
295.323294 40.179112 1224.270000 4429.530000 22.152000
295.338734 40.183378 291.940000 3773.870000 22.254000
295.343528 40.143850 3042.840000 1440.710000 22.429000
295.374919 40.153323 1086.750000 149.170000 22.295000
295.321959 40.177114 1426.160000 4401.340000 22.278000
295.364700 40.168796 342.710000 1537.220000 22.301000
295.373926 40.157291 831.120000 412.570000 22.314000
295.322072 40.178229 1338.660000 4452.980000 22.310000
295.336461 40.183138 400.300000 3890.620000 22.316000
295.316881 40.137618 4568.300000 2632.130000 22.324000
295.318989 40.169959 2077.020000 4197.380000 22.503000
295.323625 40.177691 1316.860000 4336.690000 22.317000
295.296176 40.135943 5517.730000 3723.210000 22.341000
295.315670 40.169741 2225.400000 4374.800000 22.349000
295.322196 40.181304 1104.810000 4606.190000 22.338000
295.334383 40.121668 5058.120000 804.870000 22.363000
295.322928 40.178212 1305.880000 4403.420000 22.383000
295.339556 40.183545 246.790000 3735.840000 22.412000
295.349507 40.128005 3983.690000 274.460000 22.427000
295.345256 40.178749 376.720000 3161.770000 22.428000
295.378503 40.162307 275.440000 413.920000 22.340000
295.282698 40.152717 4805.420000 5363.970000 22.426000
295.317209 40.185330 1003.680000 5099.600000 22.428000
295.375185 40.152571 1132.070000 94.860000 22.468000
295.335486 40.184173 362.090000 4000.000000 22.428000
295.359492 40.138804 2782.020000 269.480000 22.486000
295.283344 40.156598 4490.760000 5529.340000 22.492000
295.311516 40.160219 3099.610000 4114.960000 22.614000
295.368987 40.161083 745.830000 891.230000 22.533000
295.346997 40.180934 144.760000 3176.610000 22.525000
295.340310 40.179628 508.330000 3488.800000 22.552000
295.323483 40.174929 1528.100000 4200.820000 22.649000
295.338343 40.183384 307.110000 3796.430000 22.563000
295.325568 40.181766 936.180000 4438.510000 22.586000
295.299720 40.134940 5451.220000 3469.270000 22.574000
295.294147 40.162886 3592.570000 5242.120000 22.591000
295.298996 40.136131 5391.400000 3572.450000 22.566000
295.294935 40.160506 3738.430000 5073.300000 22.602000
295.295838 40.139543 5263.120000 3930.010000 22.578000
295.277643 40.145844 5518.430000 5293.720000 22.545000
295.377959 40.163390 216.570000 501.340000 22.634000
295.360351 40.171483 316.100000 1924.560000 22.647000
295.342627 40.133055 3882.030000 929.240000 22.713000
295.374150 40.167562 57.960000 935.570000 22.602000
295.321501 40.152580 3270.550000 3148.880000 22.955000
295.341684 40.153147 2424.360000 2030.290000 22.617000
295.371863 40.154639 1110.600000 391.580000 22.711000
295.342658 40.172883 916.770000 3003.690000 22.714000
295.375224 40.166281 110.450000 807.710000 22.385000
295.372233 40.159825 710.050000 640.990000 23.025000
295.373161 40.153244 1162.710000 245.030000 22.712000
295.288020 40.157525 4235.610000 5311.500000 22.692000
295.365190 40.168631 335.470000 1500.730000 22.710000
295.332996 40.121509 5125.260000 875.460000 22.713000
295.362752 40.140357 2536.490000 164.980000 22.870000
295.338299 40.183381 309.090000 3798.750000 22.705000
295.282130 40.142282 5604.990000 4852.860000 22.709000
295.356523 40.171553 463.360000 2145.900000 22.501000
295.336411 40.124634 4756.530000 844.010000 22.793000
295.293997 40.149680 4581.780000 4562.760000 22.789000
295.341307 40.184476 107.780000 3684.810000 22.866000
295.381524 40.161703 199.930000 210.680000 22.586000
295.302109 40.178965 2078.590000 5626.750000 22.792000
295.333904 40.130673 4407.000000 1301.450000 22.817000
295.328069 40.126307 4964.470000 1406.000000 22.852000
295.382795 40.159814 289.830000 39.900000 22.848000
295.354945 40.132925 3400.800000 221.590000 22.863000
295.359626 40.141422 2581.850000 398.370000 22.870000
295.361871 40.170596 321.570000 1791.910000 22.906000
295.354697 40.134818 3269.810000 334.410000 22.902000
295.348551 40.175535 484.690000 2806.820000 22.902000
295.376284 40.156788 774.530000 252.270000 22.682000
295.348481 40.130859 3812.180000 481.690000 22.970000
295.357560 40.176109 83.040000 2324.500000 22.801000
295.356775 40.174501 233.970000 2285.270000 22.969000
295.273302 40.150453 5347.980000 5780.860000 22.959000
295.340316 40.127206 4409.530000 755.830000 22.984000
295.339780 40.184727 149.940000 3784.720000 22.981000
295.321475 40.170518 1936.400000 4085.150000 23.162000
295.301007 40.146131 4566.830000 3978.940000 22.985000
295.378591 40.163174 207.450000 454.190000 23.024000
295.360605 40.175107 36.290000 2099.140000 23.027000
295.312925 40.153792 3521.910000 3700.000000 22.919000
295.304868 40.177290 2093.510000 5382.560000 23.018000
295.369032 40.166933 308.710000 1193.770000 22.841000
295.338839 40.181516 426.320000 3670.850000 23.040000
295.358399 40.168787 594.450000 1895.000000 22.942000
295.344972 40.129458 4056.330000 608.280000 23.108000
295.309833 40.177765 1860.440000 5124.890000 23.070000
295.325983 40.144328 3706.250000 2463.880000 23.178000
295.347832 40.178795 270.720000 3017.650000 22.982000
295.353130 40.175987 268.570000 2570.020000 23.120000
295.317046 40.179241 1463.400000 4791.570000 23.128000
295.331042 40.178996 924.380000 3982.890000 23.265000
295.327236 40.181988 853.270000 4355.190000 23.162000
295.321245 40.144009 3918.780000 2716.760000 23.324000
295.317294 40.140144 4363.850000 2740.250000 23.225000
295.325781 40.128167 4917.220000 1633.110000 23.221000
295.318968 40.169888 2083.110000 4194.940000 24.028000
295.332603 40.131672 4384.490000 1427.570000 23.310000
295.339106 40.168980 1348.740000 3002.190000 23.342000
295.344391 40.183120 85.880000 3438.800000 24.627000
295.310993 40.176302 1923.220000 4982.680000 23.354000
295.328244 40.160159 2437.880000 3160.260000 23.583000
295.306351 40.164488 2987.470000 4631.220000 23.441000
295.288001 40.153861 4509.170000 5121.750000 23.395000
295.314266 40.169549 2295.560000 4444.650000 23.440000
295.326306 40.178806 1127.100000 4242.310000 23.502000
295.321348 40.180098 1228.370000 4591.540000 23.489000
295.301978 40.151505 4128.070000 4203.700000 23.530000
295.354165 40.132574 3458.020000 247.700000 24.506000
295.330755 40.131593 4464.020000 1528.570000 23.600000
295.341271 40.165259 1539.420000 2685.070000 23.656000
295.290974 40.151343 4578.270000 4821.390000 23.653000
295.338551 40.167351 1492.080000 2948.850000 23.720000
295.333716 40.176387 1012.100000 3694.810000 23.575000
295.369267 40.147843 1719.750000 184.800000 25.462000
295.320023 40.185119 0.000000 0.000000 19.429000
295.319980 40.182829 0.000000 0.000000 21.063000
295.321686 40.186540 0.000000 0.000000 21.378000
295.317169 40.185284 0.000000 0.000000 22.429500
