295.251258 40.163216 5261.210000 3661.590000 14.558000
295.274265 40.180976 3023.340000 3277.090000 14.724000
295.282715 40.185994 2313.510000 3057.710000 14.715000
295.278594 40.162922 4195.450000 2090.670000 14.760000
295.277264 40.166414 3988.370000 2348.190000 14.876000
295.300264 40.183578 1795.130000 1933.660000 14.994000
295.253443 40.186646 3429.350000 4756.880000 15.031000
295.260502 40.171939 4243.810000 3589.640000 14.936000
295.290373 40.182632 2259.180000 2446.960000 15.150000
295.232942 40.168011 5632.500000 4953.660000 15.077000
295.267289 40.173207 3879.420000 3269.420000 15.083000
295.267952 40.191882 2462.400000 4204.080000 15.104000
295.274936 40.195117 1943.690000 3975.300000 15.110000
295.285242 40.164576 3807.720000 1798.480000 15.256000
295.281861 40.175069 3161.030000 2537.310000 15.249000
295.274042 40.180636 3057.590000 3272.060000 15.209000
295.263937 40.195666 2340.270000 4629.440000 15.249000
295.262069 40.178955 3659.020000 3865.730000 15.241000
295.238612 40.180400 4484.270000 5275.650000 15.387000
295.255272 40.170937 4526.530000 3835.050000 15.436000
295.300249 40.183104 1831.050000 1909.840000 15.386000
295.277844 40.174214 3384.530000 2721.330000 15.265000
295.250768 40.181665 3906.630000 4649.820000 15.551000
295.244634 40.177035 4495.450000 4757.890000 15.566000
295.241926 40.174814 4768.500000 4796.390000 15.496000
295.284814 40.178983 2752.110000 2573.170000 15.588000
295.300425 40.185537 1642.890000 2026.600000 15.673000
295.258628 40.199897 2236.280000 5151.710000 15.531000
295.276028 40.165995 4068.750000 2396.680000 15.728000
295.306806 40.183674 1527.590000 1566.660000 15.813000
295.262262 40.162255 4894.950000 2985.320000 15.687000
295.262972 40.175518 3879.020000 3635.400000 15.624000
295.291330 40.174903 2796.540000 1989.980000 15.815000
295.296542 40.173288 2709.350000 1609.330000 15.920000
295.279907 40.188323 2251.870000 3338.680000 15.884000
295.264594 40.176647 3730.490000 3601.880000 15.784000
295.258024 40.181122 3658.530000 4208.680000 15.822000
295.279554 40.166273 3907.680000 2210.510000 15.831000
295.294447 40.179336 2342.430000 2043.580000 16.007000
295.237624 40.175909 4858.070000 5098.170000 15.720000
295.270701 40.165714 4301.670000 2685.140000 15.791000
295.261788 40.166563 4593.010000 3236.600000 15.870000
295.293187 40.172688 2887.510000 1768.970000 15.938000
295.274223 40.156288 4863.360000 1993.910000 15.768000
295.255886 40.196646 2587.480000 5138.430000 16.058000
295.240359 40.179389 4490.100000 5123.640000 16.086000
295.304148 40.183122 1674.470000 1689.040000 16.124000
295.302784 40.179910 1967.890000 1599.240000 16.223000
295.280247 40.181328 2759.140000 2955.130000 16.094000
295.236243 40.171136 5268.490000 4928.370000 16.168000
295.279668 40.184782 2525.050000 3167.920000 16.233000
295.281941 40.166372 3805.330000 2079.840000 16.191000
295.254419 40.200383 2367.510000 5416.420000 16.274000
295.290301 40.184128 2150.640000 2528.990000 16.359000
295.279467 40.182998 2665.890000 3086.450000 16.274000
295.253187 40.197112 2660.070000 5316.270000 16.422000
295.292347 40.175339 2723.550000 1954.860000 16.417000
295.255383 40.167211 4799.570000 3634.770000 16.389000
295.241042 40.185118 4036.240000 5382.960000 16.398000
295.303332 40.185133 1557.290000 1840.180000 16.523000
295.269861 40.179652 3297.200000 3458.660000 16.348000
295.259085 40.199492 2248.280000 5104.660000 16.529000
295.293059 40.183558 2083.350000 2342.470000 16.607000
295.256228 40.164632 4958.030000 3452.500000 16.567000
295.235916 40.183670 4347.890000 5599.280000 16.587000
295.273854 40.166604 4109.900000 2552.050000 16.515000
295.292660 40.178863 2448.780000 2120.580000 16.647000
295.278487 40.163271 4173.730000 2114.860000 16.460000
295.270292 40.183106 3022.790000 3614.020000 16.632000
295.294421 40.178712 2389.910000 2012.610000 16.728000
295.257002 40.200095 2286.220000 5254.540000 16.769000
295.274116 40.195463 1950.570000 4039.940000 16.876000
295.295093 40.183474 2008.630000 2222.400000 16.921000
295.241819 40.171668 5007.140000 4638.730000 16.935000
295.284581 40.161988 4026.740000 1701.340000 16.785000
295.263244 40.188957 2867.430000 4319.610000 17.056000
295.267274 40.171302 4021.860000 3171.110000 16.990000
295.265968 40.204891 1572.580000 4994.210000 17.048000
295.251730 40.160528 5442.580000 3494.840000 17.030000
295.251286 40.192075 3110.760000 5162.190000 17.156000
295.243728 40.182344 4136.050000 5085.710000 17.160000
295.263282 40.179754 3551.270000 3838.310000 17.156000
295.260226 40.190507 2872.030000 4572.000000 17.194000
295.252135 40.174858 4359.230000 4217.700000 17.153000
295.246658 40.178904 4275.720000 4739.950000 17.217000
295.253974 40.197255 2618.080000 5278.940000 17.190000
295.276968 40.196882 1731.460000 3951.630000 17.178000
295.244209 40.189263 3601.610000 5418.450000 17.287000
295.276645 40.181734 2872.260000 3181.150000 17.349000
295.292935 40.182871 2139.450000 2313.700000 17.269000
295.246972 40.193045 3210.040000 5458.140000 17.407000
295.259262 40.200889 2137.210000 5167.310000 17.351000
295.263667 40.177172 3728.210000 3682.000000 17.452000
295.279245 40.196093 1699.600000 3780.990000 17.429000
295.237579 40.173778 5018.570000 4989.850000 17.484000
295.278699 40.182777 2712.860000 3118.610000 17.673000
295.227390 40.178511 5071.130000 5816.030000 17.663000
295.284478 40.164550 3840.040000 1840.610000 17.779000
295.233542 40.183741 4436.960000 5738.070000 18.022000
295.262893 40.161385 4934.630000 2904.100000 17.862000
295.287638 40.179346 2612.650000 2431.440000 18.012000
295.260530 40.198099 2294.620000 4949.910000 18.218000
295.247671 40.171299 4801.870000 4286.450000 18.134000
295.233837 40.177955 4856.220000 5420.160000 18.362000
295.248675 40.193623 3099.300000 5391.360000 18.427000
295.256350 40.206054 1868.360000 5601.810000 18.460000
295.256644 40.165401 4884.180000 3468.820000 18.423000
295.226130 40.171985 5607.350000 5548.170000 18.484000
295.242543 40.193549 3348.580000 5736.330000 18.489000
295.249087 40.192770 3146.480000 5323.480000 18.614000
295.318318 40.178244 1473.510000 628.970000 18.725000
295.232397 40.181343 4661.100000 5678.430000 18.779000
295.270548 40.148033 5624.320000 1773.280000 18.768000
295.267541 40.157933 5006.790000 2459.820000 18.877000
295.253475 40.175098 4288.130000 4153.920000 18.947000
295.250206 40.182899 3837.130000 4746.020000 18.956000
295.330566 40.189771 127.910000 533.180000 18.994000
295.273423 40.204963 1270.680000 4574.010000 18.991000
295.295035 40.170735 2959.350000 1562.130000 19.004000
295.256729 40.188166 3185.450000 4649.030000 19.013000
295.306858 40.189727 1074.920000 1879.050000 19.023000
295.239174 40.167602 5415.170000 4577.640000 19.044000
295.264296 40.154566 5386.660000 2469.200000 19.079000
295.320992 40.178560 1343.580000 493.340000 19.117000
295.245069 40.180616 4211.470000 4919.490000 19.113000
295.321244 40.194883 118.550000 1329.620000 19.128000
295.243451 40.172389 4888.520000 4583.420000 19.157000
295.305736 40.195137 716.790000 2224.660000 19.232000
295.254892 40.169474 4650.540000 3780.570000 19.263000
295.311461 40.165108 2724.350000 334.530000 19.286000
295.254850 40.159522 5393.410000 3264.850000 19.282000
295.239968 40.180215 4444.150000 5188.890000 19.291000
295.309629 40.160903 3110.360000 219.620000 19.318000
295.259095 40.155613 5515.630000 2819.740000 19.324000
295.259638 40.156550 5424.190000 2837.650000 19.343000
295.240842 40.168004 5318.870000 4503.640000 19.365000
295.255714 40.196552 2601.290000 5143.340000 19.425000
295.320027 40.185122 893.500000 890.200000 19.422000
295.238452 40.166391 5534.070000 4555.740000 19.463000
295.269242 40.203753 1527.080000 4748.830000 19.490000
295.287067 40.154320 4498.650000 1160.520000 19.521000
295.305392 40.190869 1048.250000 2021.840000 19.539000
295.275886 40.199549 1575.910000 4152.000000 19.546000
295.304039 40.159090 3467.840000 443.250000 19.575000
295.307693 40.170880 2444.760000 849.600000 19.568000
295.299746 40.167574 3007.240000 1129.460000 19.581000
295.233838 40.184329 4381.430000 5751.780000 19.601000
295.294675 40.166002 3326.090000 1336.030000 19.599000
295.255795 40.165022 4946.190000 3497.380000 19.606000
295.293932 40.196060 1117.830000 2944.020000 19.617000
295.320424 40.195948 71.880000 1431.770000 19.626000
295.249580 40.185783 3647.170000 4931.760000 19.650000
295.246925 40.195390 3037.250000 5582.850000 19.673000
295.241075 40.185468 4008.840000 5399.260000 19.678000
295.316847 40.170197 2131.080000 293.300000 19.684000
295.277489 40.211199 644.700000 4667.470000 19.698000
295.326154 40.187133 499.890000 646.580000 19.735000
295.259466 40.199291 2248.110000 5072.500000 19.774000
295.227730 40.173116 5459.470000 5515.990000 19.791000
295.323548 40.182735 930.980000 565.580000 19.791000
295.282653 40.197754 1440.420000 3673.650000 19.813000
295.223717 40.174571 5510.660000 5820.060000 19.820000
295.274492 40.208012 1001.140000 4671.960000 19.821000
295.241916 40.163668 5599.100000 4216.890000 19.823000
295.304000 40.166622 2908.750000 837.870000 19.844000
295.328149 40.182180 789.150000 274.970000 19.850000
295.248561 40.165261 5216.160000 3921.600000 19.864000
295.269642 40.152601 5320.240000 2062.680000 19.868000
295.236687 40.182805 4381.670000 5510.360000 19.900000
295.245873 40.165729 5288.190000 4098.920000 19.898000
295.244370 40.183352 4035.410000 5101.680000 19.921000
295.311264 40.168647 2468.740000 530.140000 19.929000
295.304370 40.162608 3192.810000 607.700000 19.938000
295.244605 40.166344 5292.820000 4203.110000 19.949000
295.256571 40.172417 4364.580000 3838.220000 19.953000
295.251077 40.194733 2921.080000 5312.450000 20.050000
295.304310 40.159223 3447.180000 434.760000 20.061000
295.253451 40.170966 4596.770000 3940.230000 20.063000
295.300499 40.198210 696.420000 2682.580000 20.062000
295.322029 40.193159 215.590000 1195.210000 20.083000
295.310742 40.196952 382.510000 2034.550000 20.105000
295.283851 40.153718 4671.560000 1312.140000 20.112000
295.307498 40.189478 1067.990000 1829.650000 20.101000
295.253715 40.200709 2371.170000 5473.490000 20.111000
295.236112 40.176075 4905.800000 5192.870000 20.106000
295.293991 40.196054 1115.870000 2940.350000 20.127000
295.268134 40.207089 1322.710000 4985.470000 20.132000
295.332150 40.184120 485.420000 148.580000 20.151000
295.245357 40.180924 4177.050000 4919.120000 20.140000
295.323136 40.189910 413.350000 962.930000 20.161000
295.254399 40.183931 3593.470000 4561.160000 20.179000
295.311962 40.172482 2155.540000 690.220000 20.178000
295.285560 40.195924 1460.970000 3413.050000 20.182000
295.276681 40.160816 4428.390000 2089.850000 20.196000
295.297626 40.206475 195.450000 3276.480000 20.215000
295.252497 40.200718 2418.910000 5543.230000 20.220000
295.268916 40.187903 2720.390000 3942.050000 20.252000
295.246529 40.176308 4474.260000 4612.190000 20.284000
295.287612 40.160416 4023.140000 1446.970000 20.315000
295.235824 40.176480 4887.070000 5230.360000 20.319000
295.227384 40.178751 5053.460000 5828.890000 20.348000
295.313827 40.197980 183.220000 1912.700000 20.384000
295.305158 40.169992 2611.740000 947.570000 20.427000
295.251633 40.171730 4612.190000 4083.420000 20.447000
295.243875 40.191681 3434.760000 5563.360000 20.465000
295.262937 40.166194 4574.770000 3151.960000 20.481000
295.261123 40.186658 3122.990000 4320.620000 20.508000
295.252565 40.162239 5281.970000 3536.380000 20.504000
295.232519 40.169348 5549.730000 5047.340000 20.503000
295.241887 40.189130 3703.800000 5543.670000 20.537000
295.282642 40.197699 1444.910000 3671.460000 20.536000
295.332468 40.189021 107.990000 385.940000 20.571000
295.272946 40.179943 3152.800000 3298.320000 20.568000
295.301053 40.206299 72.220000 3072.400000 20.577000
295.325832 40.179963 1046.440000 291.200000 20.612000
295.322626 40.183495 911.140000 657.610000 20.654000
295.290970 40.157390 4114.700000 1098.300000 20.669000
295.283719 40.193050 1748.210000 3368.080000 20.688000
295.239362 40.170850 5165.740000 4736.030000 20.725000
295.284500 40.190484 1908.230000 3189.970000 20.714000
295.267512 40.206002 1428.450000 4964.280000 20.729000
295.252537 40.175027 4330.700000 4203.650000 20.753000
295.280564 40.154066 4776.410000 1517.340000 20.765000
295.243372 40.169262 5124.560000 4425.100000 20.771000
295.298369 40.157011 3848.370000 657.560000 20.781000
295.302426 40.190197 1216.350000 2155.530000 20.781000
295.271678 40.211474 855.270000 5012.280000 20.788000
295.314340 40.185300 1106.660000 1222.850000 20.793000
295.293661 40.204769 480.210000 3413.070000 20.788000
295.248946 40.198693 2710.940000 5639.780000 20.801000
295.236769 40.179553 4620.670000 5336.480000 20.836000
295.308038 40.200685 212.190000 2382.810000 20.833000
295.291486 40.158272 4028.540000 1114.850000 20.868000
295.250959 40.189381 3324.460000 5040.570000 20.901000
295.286874 40.169378 3385.220000 1955.770000 20.907000
295.285840 40.147986 5019.130000 900.440000 20.915000
295.285931 40.206542 655.690000 3944.970000 20.936000
295.264222 40.167344 4438.020000 3138.700000 20.939000
295.270710 40.177718 3407.410000 3309.670000 20.952000
295.288502 40.156053 4312.520000 1169.090000 20.981000
295.244604 40.181240 4183.430000 4978.440000 20.975000
295.244307 40.193991 3245.550000 5658.960000 20.988000
295.311998 40.175689 1915.330000 855.310000 21.003000
295.245260 40.180290 4228.110000 4891.670000 21.031000
295.254865 40.184006 3569.390000 4538.580000 21.035000
295.319984 40.182830 1065.840000 773.240000 21.039000
295.250348 40.160781 5478.750000 3586.660000 21.035000
295.289473 40.207969 408.500000 3817.850000 21.047000
295.290980 40.199275 995.880000 3279.370000 21.054000
295.322966 40.189218 471.640000 936.500000 21.061000
295.258328 40.202178 2078.410000 5287.530000 21.061000
295.320780 40.177636 1420.810000 457.260000 21.071000
295.279400 40.186150 2433.850000 3254.360000 21.094000
295.309221 40.170024 2447.570000 718.090000 21.091000
295.270017 40.154504 5163.610000 2140.380000 21.102000
295.232456 40.179699 4781.280000 5589.540000 21.107000
295.271129 40.206705 1232.210000 4795.150000 21.119000
295.240030 40.188126 3852.470000 5597.060000 21.132000
295.280977 40.208811 683.810000 4344.810000 21.134000
295.305869 40.175622 2164.320000 1200.380000 21.138000
295.286111 40.190575 1837.370000 3103.070000 21.141000
295.254397 40.194102 2836.070000 5090.730000 21.148000
295.278010 40.191341 2102.590000 3603.760000 21.148000
295.274861 40.213579 571.990000 4940.880000 21.166000
295.265497 40.204510 1619.680000 5001.170000 21.165000
295.286650 40.206722 613.720000 3913.420000 21.155000
295.271523 40.212715 769.050000 5085.660000 21.176000
295.232632 40.180498 4714.730000 5621.070000 21.187000
295.308440 40.202946 27.960000 2477.760000 21.191000
295.304594 40.187245 1349.760000 1878.450000 21.195000
295.305357 40.157176 3557.880000 268.580000 21.209000
295.314546 40.167460 2426.470000 281.570000 21.201000
295.330804 40.187271 304.480000 389.380000 21.215000
295.260962 40.155046 5483.550000 2684.020000 21.225000
295.300291 40.178444 2176.270000 1664.670000 21.244000
295.239409 40.170773 5169.580000 4729.320000 21.254000
295.319645 40.180732 1235.500000 683.170000 21.263000
295.261644 40.154576 5491.380000 2620.710000 21.267000
295.321944 40.179580 1229.740000 492.350000 21.292000
295.287983 40.159608 4068.520000 1383.790000 21.314000
295.274320 40.153573 5061.700000 1846.980000 21.318000
295.247246 40.187711 3596.450000 5164.920000 21.337000
295.269860 40.184862 2909.270000 3730.000000 21.341000
295.313758 40.198614 138.710000 1949.680000 21.349000
295.321690 40.186542 721.590000 869.640000 21.361000
295.313536 40.172026 2126.750000 576.950000 21.363000
295.248445 40.198612 2736.860000 5664.110000 21.369000
295.249434 40.189760 3356.830000 5147.080000 21.378000
295.231117 40.173711 5280.510000 5354.130000 21.424000
295.296078 40.163140 3483.260000 1107.160000 21.426000
295.305763 40.165257 2940.150000 666.420000 21.438000
295.245811 40.193557 3218.070000 5550.860000 21.459000
295.324203 40.188959 441.690000 852.670000 21.461000
295.328707 40.189131 249.530000 605.540000 21.475000
295.302396 40.195429 828.010000 2429.770000 21.483000
295.322504 40.188972 508.330000 949.990000 21.493000
295.260060 40.160570 5108.100000 3022.930000 21.508000
295.302703 40.156605 3706.050000 389.810000 21.530000
295.292616 40.162220 3689.610000 1256.180000 21.541000
295.275629 40.202480 1367.870000 4319.300000 21.542000
295.278699 40.150380 5125.180000 1431.520000 21.557000
295.269865 40.162599 4566.840000 2570.580000 21.557000
295.315921 40.171404 2078.080000 408.890000 21.571000
295.268410 40.202069 1685.550000 4708.430000 21.572000
295.265353 40.203244 1719.610000 4943.480000 21.576000
295.294167 40.168070 3192.300000 1472.680000 21.579000
295.309570 40.193502 685.960000 1921.480000 21.610000
295.283309 40.207206 710.560000 4128.600000 21.619000
295.271288 40.209917 986.740000 4953.360000 21.630000
295.237557 40.169586 5331.680000 4772.970000 21.643000
295.312779 40.164978 2681.600000 252.770000 21.675000
295.282316 40.207003 765.110000 4174.540000 21.674000
295.241289 40.169416 5195.890000 4551.720000 21.682000
295.258077 40.206715 1750.510000 5537.990000 21.679000
295.231940 40.182012 4629.470000 5739.250000 21.698000
295.241008 40.169539 5197.930000 4574.130000 21.701000
295.245975 40.164371 5385.340000 4022.380000 21.738000
295.244198 40.188297 3674.000000 5368.780000 21.732000
295.256449 40.171061 4470.460000 3774.540000 21.731000
295.285136 40.206062 723.080000 3965.150000 21.736000
295.301401 40.200170 514.680000 2733.370000 21.739000
295.252420 40.196325 2749.160000 5318.940000 21.753000
295.310035 40.196446 448.310000 2048.380000 21.802000
295.251727 40.197490 2689.950000 5418.970000 21.776000
295.235134 40.172717 5194.820000 5073.820000 21.784000
295.260478 40.198244 2285.830000 4960.410000 21.799000
295.277867 40.153551 4922.150000 1643.980000 21.796000
295.235773 40.179722 4647.660000 5401.990000 21.803000
295.324904 40.175828 1391.130000 128.490000 21.820000
295.238289 40.171446 5164.010000 4828.060000 21.809000
295.257718 40.200106 2256.920000 5214.340000 21.833000
295.268872 40.148826 5631.970000 1909.920000 21.839000
295.297557 40.195271 1032.340000 2696.780000 22.125000
295.258048 40.188021 3143.810000 4566.430000 21.857000
295.314933 40.171045 2144.220000 446.360000 21.851000
295.238656 40.178362 4634.270000 5167.130000 21.861000
295.279551 40.208450 767.380000 4407.090000 21.868000
295.234569 40.177134 4888.300000 5335.780000 21.875000
295.275799 40.208100 942.690000 4602.220000 21.877000
295.280248 40.182668 2659.360000 3024.810000 21.882000
295.262436 40.184136 3258.610000 4114.590000 21.881000
295.257179 40.198412 2404.510000 5156.810000 21.897000
295.261363 40.173132 4120.730000 3602.740000 21.897000
295.278390 40.210872 633.220000 4599.240000 21.899000
295.313418 40.174549 1943.660000 715.160000 21.916000
295.283680 40.207324 686.970000 4113.680000 21.917000
295.301780 40.186926 1485.540000 2021.900000 21.939000
295.293196 40.180503 2305.370000 2175.540000 21.921000
295.288729 40.150270 4734.090000 854.960000 21.967000
295.245070 40.183217 4017.680000 5054.810000 21.971000
295.313450 40.183108 1305.230000 1159.260000 21.969000
295.232385 40.168426 5623.740000 5007.000000 21.999000
295.278399 40.182875 2717.530000 3140.750000 22.011000
295.257313 40.186803 3263.780000 4544.880000 22.027000
295.249154 40.198813 2693.690000 5634.210000 22.043000
295.323919 40.177016 1341.920000 246.420000 22.051000
295.260331 40.174186 4083.320000 3716.330000 22.055000
295.296887 40.178381 2316.410000 1855.030000 22.054000
295.312815 40.182326 1388.720000 1154.620000 22.066000
295.262730 40.204596 1723.280000 5163.000000 22.069000
295.240338 40.188490 3813.040000 5598.500000 22.088000
295.240282 40.188602 3806.930000 5607.530000 22.078000
295.241462 40.180279 4379.940000 5107.200000 22.081000
295.301533 40.201906 380.190000 2816.280000 22.093000
295.273551 40.165442 4208.470000 2508.810000 22.100000
295.308605 40.166072 2766.290000 547.210000 22.116000
295.270057 40.184902 2898.380000 3720.900000 22.116000
295.284774 40.205811 756.150000 3972.630000 22.111000
295.323530 40.183683 861.190000 615.990000 22.118000
295.258519 40.205261 1841.180000 5437.130000 22.125000
295.316848 40.181083 1320.710000 860.530000 22.124000
295.317808 40.171012 2032.170000 281.100000 22.130000
295.319383 40.169715 2066.020000 123.950000 22.161000
295.247408 40.168238 5040.350000 4142.140000 22.167000
295.244103 40.174789 4683.820000 4671.230000 22.167000
295.238617 40.164952 5634.680000 4471.440000 22.180000
295.245933 40.188641 3579.370000 5287.990000 22.179000
295.235182 40.181983 4502.740000 5553.220000 22.192000
295.239639 40.187917 3883.500000 5608.460000 22.195000
295.283816 40.154979 4579.000000 1379.850000 22.205000
295.226602 40.175319 5340.230000 5694.790000 22.210000
295.310235 40.163981 2857.100000 345.570000 22.219000
295.324756 40.192318 169.630000 996.260000 22.225000
295.235119 40.167529 5581.810000 4804.680000 22.235000
295.234252 40.185064 4310.240000 5766.530000 22.239000
295.296380 40.197768 893.240000 2893.760000 22.240000
295.314131 40.197345 218.390000 1862.310000 22.246000
295.264318 40.151147 5640.390000 2289.960000 22.238000
295.276014 40.211592 674.080000 4771.880000 22.254000
295.227761 40.174984 5319.130000 5611.360000 22.271000
295.262145 40.183018 3353.400000 4072.920000 22.249000
295.308023 40.187811 1171.230000 1712.930000 22.294000
295.315431 40.196555 225.440000 1747.300000 22.297000
295.247550 40.164329 5325.810000 3930.550000 22.341000
295.314945 40.186827 968.970000 1268.020000 22.331000
295.241572 40.190850 3588.270000 5651.110000 22.352000
295.325375 40.189016 390.770000 788.970000 22.362000
295.315907 40.184978 1068.280000 1116.970000 22.365000
295.315868 40.169455 2225.290000 310.320000 22.379000
295.242599 40.178196 4489.930000 4934.080000 22.369000
295.238705 40.177391 4704.700000 5113.800000 22.370000
295.290576 40.207135 426.770000 3711.700000 22.375000
295.301734 40.185720 1577.160000 1961.680000 22.372000
295.265258 40.206301 1495.740000 5108.030000 22.395000
295.312973 40.191088 730.210000 1602.220000 22.393000
295.317173 40.185286 994.980000 1061.040000 22.418000
295.309820 40.192238 770.090000 1841.370000 22.427000
295.323445 40.174888 1519.230000 162.480000 22.442000
295.262139 40.198029 2235.810000 4854.770000 22.442000
295.318738 40.178540 1434.830000 620.510000 22.475000
295.282665 40.152673 4796.490000 1325.230000 22.478000
295.309807 40.193823 652.670000 1924.700000 22.473000
295.296809 40.189234 1511.550000 2424.800000 22.507000
295.295769 40.198553 859.160000 2969.380000 22.522000
295.303859 40.157735 3575.960000 382.880000 22.519000
295.283312 40.156553 4481.930000 1490.480000 22.540000
295.304855 40.159193 3427.700000 402.200000 22.528000
295.302202 40.171832 2592.410000 1211.590000 22.532000
295.266401 40.165892 4459.490000 2939.140000 22.541000
295.317487 40.192623 436.280000 1425.500000 22.540000
295.269326 40.196252 2082.350000 4353.410000 22.553000
295.262357 40.163508 4797.920000 3045.100000 22.551000
295.292490 40.154462 4272.220000 859.310000 22.563000
295.272298 40.152201 5244.350000 1890.640000 22.565000
295.258937 40.207774 1637.430000 5544.180000 22.583000
295.294902 40.160461 3729.550000 1034.510000 22.597000
295.328925 40.184243 604.740000 338.380000 22.619000
295.273007 40.212281 742.320000 4978.720000 22.601000
295.298933 40.156278 3880.530000 587.240000 22.618000
295.231541 40.179510 4831.660000 5631.750000 22.605000
295.248432 40.159868 5622.930000 3648.220000 22.601000
295.248803 40.183704 3832.960000 4867.770000 22.614000
295.294114 40.162842 3583.700000 1203.380000 22.623000
295.310465 40.166431 2665.530000 460.150000 22.683000
295.308663 40.202656 40.590000 2449.970000 22.661000
295.329463 40.186248 434.000000 412.290000 22.669000
295.255885 40.167617 4749.370000 3627.410000 22.651000
295.325533 40.181724 927.250000 400.000000 22.673000
295.288966 40.188493 1878.770000 2832.280000 22.912000
295.274760 40.188361 2453.730000 3633.460000 22.646000
295.245205 40.193526 3244.510000 5583.670000 22.647000
295.319234 40.172046 1898.380000 253.890000 22.683000
295.319527 40.185374 894.670000 931.760000 22.715000
295.324505 40.182291 926.000000 487.990000 22.673000
295.323756 40.191252 288.830000 997.590000 22.678000
295.281816 40.150675 4979.090000 1269.500000 22.720000
295.238451 40.173914 4973.770000 4947.320000 22.690000
295.286193 40.208360 509.900000 4024.750000 22.689000
295.287989 40.157480 4226.730000 1272.580000 22.710000
295.335073 40.188862 16.150000 229.580000 22.738000
295.246049 40.187755 3640.730000 5235.270000 22.739000
295.325455 40.181457 950.230000 390.510000 22.773000
295.256876 40.199818 2311.880000 5247.250000 22.757000
295.329944 40.182455 697.160000 187.280000 22.814000
295.312808 40.164895 2686.560000 246.810000 22.785000
295.299728 40.205034 219.120000 3081.850000 22.778000
295.318173 40.177562 1530.050000 601.670000 22.797000
295.284062 40.179346 2754.940000 2634.820000 22.790000
295.254987 40.202690 2173.040000 5504.240000 22.809000
295.272353 40.159988 4662.250000 2293.000000 22.811000
295.273530 40.206627 1142.580000 4654.520000 22.810000
295.321624 40.190780 408.830000 1094.190000 22.823000
295.266613 40.201532 1797.050000 4782.620000 22.819000
295.308763 40.185750 1295.140000 1563.520000 22.827000
295.308263 40.195600 581.830000 2105.080000 22.855000
295.307841 40.158657 3348.690000 204.370000 22.838000
295.332131 40.189329 98.520000 421.170000 22.860000
295.329293 40.187268 364.880000 475.130000 22.924000
295.292084 40.153476 4361.810000 831.020000 22.919000
295.293847 40.195102 1192.510000 2898.960000 22.882000
295.317709 40.192600 429.180000 1411.700000 22.895000
295.309385 40.189942 958.310000 1746.510000 22.891000
295.328267 40.189345 251.140000 641.710000 22.906000
295.291808 40.209206 223.540000 3749.500000 22.927000
295.252349 40.170010 4711.800000 3953.170000 24.148000
295.305083 40.202737 177.050000 2657.700000 22.912000
295.322702 40.183318 921.320000 644.030000 22.929000
295.278612 40.207953 841.680000 4434.610000 22.928000
295.273267 40.150405 5339.450000 1742.010000 22.945000
295.294471 40.207720 228.280000 3520.700000 22.964000
295.318072 40.193183 371.300000 1421.430000 22.972000
295.270307 40.212179 857.330000 5126.910000 22.959000
295.238652 40.189634 3794.910000 5753.980000 22.948000
295.318368 40.177248 1545.690000 574.190000 22.968000
295.331048 40.180978 763.220000 47.510000 22.988000
295.271902 40.213312 709.470000 5095.230000 22.971000
295.323804 40.191639 258.070000 1015.040000 23.036000
295.258627 40.155538 5539.820000 2842.490000 22.998000
295.260385 40.197701 2330.000000 4937.460000 23.003000
295.276881 40.203096 1272.200000 4280.150000 23.002000
295.303838 40.190595 1130.500000 2095.980000 23.011000
295.293708 40.164281 3492.700000 1301.480000 23.014000
295.311612 40.190936 795.700000 1671.630000 23.036000
295.322307 40.189922 445.510000 1010.670000 23.034000
295.290839 40.211753 72.470000 3937.260000 23.039000
295.300697 40.193848 1013.340000 2444.040000 23.031000
295.239524 40.176043 4772.500000 4997.070000 23.047000
295.320421 40.177578 1439.420000 474.670000 23.069000
295.298743 40.207605 66.910000 3271.820000 23.053000
295.245179 40.186899 3739.120000 5240.270000 23.057000
295.302110 40.202435 317.820000 2811.080000 23.057000
295.316758 40.194793 303.820000 1580.010000 23.081000
295.302109 40.200532 459.520000 2711.970000 23.080000
295.331145 40.190298 65.680000 527.750000 23.066000
295.249961 40.159878 5561.370000 3561.680000 23.075000
295.290216 40.212392 49.660000 4005.980000 23.084000
295.276412 40.161717 4372.010000 2152.040000 23.091000
295.286928 40.156239 4361.360000 1268.330000 23.094000
295.293284 40.165568 3413.800000 1392.580000 23.090000
295.313786 40.168542 2376.160000 381.240000 23.093000
295.248388 40.193516 3118.700000 5402.050000 23.116000
295.330183 40.181838 733.620000 141.530000 23.119000
295.260125 40.166113 4692.680000 3307.820000 23.131000
295.261015 40.198720 2229.020000 4954.650000 23.140000
295.317011 40.179197 1454.640000 752.990000 23.142000
295.331488 40.189630 101.660000 473.440000 23.150000
295.323665 40.189411 429.410000 906.840000 23.145000
295.300958 40.202633 348.870000 2886.860000 23.145000
295.268968 40.158518 4906.460000 2409.060000 23.157000
295.289516 40.201173 912.790000 3461.430000 23.176000
295.296963 40.179459 2233.180000 1906.870000 23.183000
295.259854 40.175704 3989.270000 3822.510000 23.207000
295.284049 40.171131 3367.160000 2207.770000 23.210000
295.290221 40.161031 3873.470000 1330.550000 23.224000
295.299196 40.198706 711.350000 2782.470000 23.239000
295.249993 40.178241 4192.480000 4515.710000 23.270000
295.273553 40.174628 3524.400000 2987.030000 23.264000
295.307992 40.173220 2258.630000 954.520000 23.298000
295.289135 40.163497 3733.090000 1520.790000 23.303000
295.278001 40.199328 1508.260000 4020.160000 23.322000
295.242800 40.174756 4738.080000 4743.600000 23.338000
295.314466 40.188216 884.540000 1367.640000 23.377000
295.279904 40.198212 1515.620000 3853.850000 23.387000
295.264061 40.205314 1616.850000 5124.740000 23.372000
295.281594 40.197224 1521.970000 3706.290000 23.390000
295.304248 40.180067 1897.890000 1524.190000 23.401000
295.288662 40.199321 1084.730000 3413.560000 23.404000
295.281590 40.175038 3174.030000 2551.140000 24.130000
295.247499 40.190192 3401.560000 5279.630000 23.414000
295.273802 40.160389 4574.750000 2231.420000 23.424000
295.262144 40.190288 2812.080000 4451.480000 23.448000
295.251434 40.184458 3672.150000 4757.330000 23.509000
295.312823 40.192893 601.850000 1704.740000 23.505000
295.301995 40.198096 645.450000 2591.560000 23.518000
295.310514 40.191310 811.570000 1753.570000 23.522000
295.257229 40.193055 2801.480000 4875.150000 23.524000
295.260355 40.175699 3969.650000 3793.770000 23.566000
295.319286 40.177518 1489.080000 536.090000 23.567000
295.274609 40.154419 4987.210000 1874.630000 23.564000
295.272065 40.186941 2666.720000 3712.840000 24.518000
295.278176 40.178929 3020.160000 2947.990000 23.573000
295.272071 40.202733 1490.550000 4534.760000 23.607000
295.261656 40.168708 4438.550000 3355.780000 23.603000
295.272030 40.202585 1503.240000 4529.410000 23.615000
295.270420 40.189702 2526.540000 3950.210000 23.619000
295.302921 40.196582 721.260000 2460.050000 23.628000
295.282730 40.196806 1507.880000 3619.930000 23.652000
295.280991 40.201875 1199.670000 3982.820000 23.651000
295.246773 40.188281 3572.800000 5221.480000 23.688000
295.291365 40.196880 1158.870000 3132.720000 23.690000
295.285346 40.201166 1079.260000 3698.220000 23.707000
295.281138 40.157597 4490.720000 1668.570000 23.752000
295.269804 40.167966 4169.670000 2853.470000 23.754000
295.283813 40.204824 867.830000 3975.900000 23.745000
295.312466 40.188984 907.040000 1521.390000 23.769000
295.296696 40.160681 3641.780000 943.870000 23.771000
295.305066 40.194173 815.240000 2212.560000 23.782000
295.295214 40.184342 1939.180000 2260.700000 23.803000
295.289863 40.173033 2994.170000 1976.040000 23.809000
295.305592 40.176558 2105.660000 1264.890000 23.852000
295.250670 40.181307 3937.200000 4636.750000 23.823000
295.273727 40.205361 1229.040000 4577.450000 23.831000
295.301281 40.175114 2384.780000 1434.940000 23.852000
295.298140 40.166920 3119.800000 1186.780000 23.887000
295.268940 40.198006 1967.050000 4466.750000 23.914000
295.255522 40.185809 3408.950000 4595.050000 23.924000
295.274042 40.182639 2908.430000 3376.360000 23.945000
295.296068 40.167926 3127.410000 1357.060000 23.981000
295.298056 40.181948 2004.320000 1974.370000 24.007000
295.278737 40.189305 2225.240000 3456.410000 24.016000
295.285191 40.193499 1656.250000 3307.760000 24.040000
295.278523 40.192607 1987.920000 3640.560000 24.013000
295.269767 40.175810 3587.010000 3263.940000 24.075000
295.288748 40.167411 3457.100000 1746.660000 24.099000
295.304033 40.175055 2279.640000 1275.270000 24.117000
295.312670 40.185130 1185.820000 1308.930000 24.119000
295.278832 40.200262 1405.600000 4021.580000 24.121000
295.260017 40.178914 3743.690000 3980.390000 24.131000
295.307164 40.189752 1060.880000 1862.940000 24.121000
295.280003 40.202947 1159.100000 4094.810000 24.132000
295.310235 40.178632 1766.430000 1108.890000 24.181000
295.335869 40.204770 2852.330000 5038.260000 14.372000
295.324266 40.180029 5155.720000 4408.530000 14.403000
295.369359 40.199395 1918.660000 2854.560000 14.521000
295.334686 40.169909 5494.000000 3288.540000 14.600000
295.311420 40.188283 5052.670000 5569.140000 14.822000
295.349618 40.200156 2648.290000 4016.270000 14.738000
295.337311 40.192486 3709.140000 4316.020000 14.726000
295.331025 40.208687 2753.580000 5517.780000 14.609000
295.334344 40.168568 5607.400000 3238.090000 14.708000
295.351206 40.178736 4179.050000 2809.280000 14.799000
295.353820 40.200957 2421.330000 3819.190000 14.878000
295.374795 40.192494 2215.620000 2185.680000 14.947000
295.309788 40.190641 4942.080000 5784.800000 14.816000
295.327952 40.184203 4698.220000 4416.440000 14.842000
295.359862 40.203942 1958.620000 3631.410000 14.754000
295.332087 40.209382 2659.590000 5493.650000 14.717000
295.324806 40.187182 4601.790000 4750.580000 14.811000
295.336803 40.179413 4702.340000 3663.450000 14.837000
295.334130 40.209876 2541.510000 5403.250000 14.908000
295.353152 40.182286 3837.400000 2883.670000 15.002000
295.345616 40.188275 3691.840000 3624.340000 15.007000
295.367702 40.183024 3202.850000 2094.970000 14.999000
295.323414 40.177966 5343.190000 4349.460000 14.911000
295.317581 40.190683 4628.800000 5343.850000 14.877000
295.341998 40.171171 5108.850000 2938.410000 15.056000
295.320825 40.187402 4743.880000 4988.410000 15.040000
295.348448 40.177238 4400.370000 2887.940000 15.059000
295.321992 40.190956 4432.910000 5107.270000 15.160000
295.366605 40.189326 2777.630000 2486.000000 15.214000
295.326115 40.193023 4114.930000 4980.520000 15.061000
295.328136 40.184372 4678.330000 4414.790000 15.170000
295.327651 40.193106 4047.580000 4897.570000 15.129000
295.349431 40.200003 2667.090000 4018.940000 15.292000
295.334920 40.201608 3125.380000 4927.420000 15.207000
295.333084 40.206243 2853.560000 5273.390000 15.205000
295.354839 40.190036 3193.420000 3191.850000 15.256000
295.347348 40.172984 4760.850000 2728.720000 15.047000
295.347668 40.195104 3101.880000 3863.690000 15.282000
295.318091 40.180050 5399.960000 4760.800000 15.243000
295.347584 40.178864 4313.810000 3021.850000 15.349000
295.363444 40.194087 2549.290000 2913.930000 15.366000
295.313097 40.182640 5406.000000 5179.770000 15.261000
295.347519 40.185262 3840.280000 3359.080000 15.198000
295.307385 40.182886 5615.050000 5517.420000 15.351000
295.332627 40.199828 3349.210000 4965.010000 15.713000
295.334554 40.187369 4199.790000 4206.030000 15.400000
295.344419 40.184002 4057.500000 3469.690000 15.232000
295.335234 40.168310 5591.180000 3173.950000 15.399000
295.343436 40.186256 3928.880000 3643.060000 15.212000
295.319041 40.180013 5364.930000 4704.840000 15.424000
295.357181 40.209161 1676.980000 4055.940000 15.392000
295.364702 40.204018 1760.140000 3360.310000 15.441000
295.357702 40.206269 1871.480000 3875.460000 15.562000
295.328694 40.207674 2921.800000 5597.470000 15.449000
295.326186 40.179271 5135.700000 4259.850000 15.583000
295.318832 40.198176 4021.250000 5663.190000 15.571000
295.349187 40.196713 2921.660000 3861.230000 15.635000
295.323102 40.192869 4246.300000 5143.850000 15.862000
295.320296 40.195370 4171.860000 5433.680000 15.789000
295.327766 40.205187 3143.820000 5520.640000 15.688000
295.346182 40.178093 4427.060000 3061.390000 15.752000
295.321490 40.181183 5180.380000 4626.510000 15.912000
295.321675 40.195122 4135.440000 5342.340000 15.774000
295.341652 40.182634 4269.520000 3555.640000 15.753000
295.342112 40.202545 2769.340000 4567.420000 15.836000
295.367750 40.204775 1582.480000 3226.570000 15.975000
295.340101 40.197171 3249.370000 4401.660000 15.918000
295.340136 40.203422 2782.760000 4725.440000 15.769000
295.332973 40.208770 2669.890000 5411.390000 15.962000
295.337291 40.166848 5618.070000 2980.800000 16.125000
295.362807 40.193766 2598.500000 2933.450000 15.910000
295.338917 40.205280 2693.040000 4891.610000 16.059000
295.347792 40.162734 5505.880000 2169.120000 15.958000
295.332804 40.177935 4971.630000 3813.850000 16.037000
295.323592 40.175342 5531.400000 4202.610000 16.087000
295.353464 40.187622 3427.850000 3144.130000 16.191000
295.338645 40.182213 4420.630000 3704.690000 16.248000
295.349420 40.164294 5324.950000 2157.870000 16.097000
295.345711 40.172485 4863.120000 2795.780000 16.367000
295.357924 40.180219 3801.070000 2504.600000 16.083000
295.330670 40.195283 3765.370000 4839.400000 16.252000
295.341660 40.216511 1747.990000 5321.170000 16.100000
295.348085 40.188179 3600.640000 3478.960000 16.267000
295.334131 40.206784 2771.640000 5242.050000 16.193000
295.346060 40.198834 2888.290000 4149.580000 16.242000
295.358450 40.208051 1709.050000 3925.930000 16.235000
295.313665 40.190691 4784.120000 5566.970000 16.389000
295.380502 40.194857 1812.390000 1984.620000 16.318000
295.335466 40.194211 3654.240000 4510.830000 16.284000
295.355009 40.211824 1565.340000 4318.200000 16.355000
295.341121 40.167620 5408.030000 2803.190000 16.313000
295.318246 40.180446 5364.360000 4772.610000 16.396000
295.334695 40.210024 2507.980000 5378.890000 16.365000
295.354910 40.209221 1762.940000 4188.140000 16.338000
295.327012 40.185299 4654.130000 4527.030000 16.336000
295.311640 40.187143 5128.840000 5497.250000 16.392000
295.307669 40.186342 5346.500000 5681.320000 16.575000
295.311414 40.187568 5106.180000 5532.210000 16.543000
295.340645 40.201776 2884.980000 4610.760000 16.546000
295.338971 40.209658 2364.990000 5116.770000 16.538000
295.309881 40.191288 4890.300000 5813.220000 16.604000
295.361241 40.192141 2781.860000 2937.690000 16.534000
295.336040 40.207943 2609.350000 5193.960000 16.593000
295.321091 40.192668 4341.300000 5247.710000 16.603000
295.338758 40.217468 1792.220000 5536.000000 16.505000
295.331448 40.197534 3566.820000 4912.470000 16.755000
295.332986 40.205744 2894.580000 5252.910000 16.708000
295.323217 40.192918 4238.090000 5139.830000 16.749000
295.361212 40.207336 1652.250000 3731.680000 16.711000
295.335794 40.212966 2245.340000 5469.750000 16.754000
295.331423 40.208588 2745.150000 5489.990000 16.721000
295.370632 40.191585 2449.060000 2374.900000 16.906000
295.348729 40.196118 2984.180000 3856.280000 16.820000
295.357080 40.175371 4195.450000 2299.820000 16.834000
295.369047 40.198711 1982.000000 2836.640000 17.004000
295.336046 40.210700 2403.880000 5337.310000 16.960000
295.322276 40.178130 5376.350000 4422.730000 17.016000
295.346578 40.181019 4193.520000 3191.420000 16.784000
295.328681 40.206724 2993.020000 5548.680000 16.973000
295.323941 40.197253 3886.630000 5324.620000 16.957000
295.316582 40.182023 5313.200000 4949.410000 16.992000
295.330183 40.204865 3071.590000 5366.410000 17.186000
295.317055 40.189731 4720.580000 5324.160000 17.194000
295.346401 40.202672 2589.150000 4330.240000 17.188000
295.326017 40.186759 4585.040000 4659.700000 17.263000
295.341401 40.172319 5047.190000 3032.220000 17.305000
295.344847 40.176919 4567.590000 3076.050000 17.256000
295.349813 40.210464 1873.420000 4542.560000 17.385000
295.314528 40.180715 5492.320000 4998.110000 17.434000
295.326769 40.196001 3867.250000 5098.590000 17.468000
295.337767 40.203289 2886.960000 4853.190000 17.493000
295.314478 40.183109 5316.150000 5125.650000 17.488000
295.322015 40.190841 4440.550000 5099.990000 17.484000
295.313228 40.185686 5174.070000 5331.020000 17.543000
295.340369 40.183414 4262.540000 3669.270000 17.683000
295.325454 40.187464 4554.990000 4728.460000 17.442000
295.341769 40.212613 2033.700000 5111.750000 17.614000
295.326144 40.202714 3392.450000 5483.920000 17.800000
295.337042 40.208228 2548.230000 5151.830000 17.752000
295.343756 40.209439 2190.880000 4833.370000 17.863000
295.349547 40.161984 5491.810000 2030.180000 17.741000
295.322693 40.195508 4066.150000 5304.620000 17.706000
295.331259 40.190908 4067.540000 4577.850000 17.744000
295.314170 40.194058 4513.310000 5713.660000 17.855000
295.322452 40.175645 5554.240000 4283.270000 18.057000
295.322648 40.187647 4653.130000 4897.520000 17.935000
295.350067 40.160244 5600.560000 1909.960000 18.131000
295.343045 40.214909 1812.030000 5158.970000 18.293000
295.330426 40.190053 4164.340000 4580.700000 18.243000
295.367548 40.185735 3007.240000 2245.100000 18.264000
295.318691 40.192340 4461.260000 5367.080000 18.690000
295.318358 40.178231 5524.760000 4650.840000 18.710000
295.402223 40.189947 1312.110000 494.100000 18.719000
295.321928 40.199425 3805.060000 5552.200000 18.813000
295.342509 40.169809 5189.880000 2838.380000 18.858000
295.331193 40.208467 2763.230000 5496.780000 18.867000
295.314330 40.185391 5152.160000 5252.990000 18.886000
295.330082 40.174187 5358.950000 3773.340000 18.988000
295.409107 40.193136 800.490000 269.350000 19.043000
295.398353 40.208485 87.250000 1681.250000 19.060000
295.345408 40.167645 5235.410000 2560.700000 19.080000
295.321029 40.178545 5395.020000 4515.270000 19.072000
295.366240 40.159898 4981.830000 972.080000 19.097000
295.323144 40.202955 3493.910000 5667.080000 19.107000
295.326123 40.204235 3280.070000 5564.450000 19.119000
295.401865 40.189167 1384.370000 473.750000 19.122000
295.367061 40.163221 4701.890000 1098.710000 19.113000
295.382852 40.210424 560.610000 2663.080000 19.122000
295.383935 40.168300 3651.440000 404.160000 19.151000
295.335825 40.209017 2537.980000 5262.120000 19.258000
295.398627 40.202847 495.810000 1371.490000 19.288000
295.327297 40.202862 3335.570000 5426.100000 19.302000
295.355636 40.213920 1384.380000 4391.850000 19.328000
295.370064 40.223342 108.760000 4063.400000 19.353000
295.400647 40.181499 2003.310000 142.890000 19.374000
295.320066 40.185107 4944.930000 4912.030000 19.377000
295.395063 40.183294 2092.370000 553.890000 19.410000
295.353957 40.223365 748.340000 4979.710000 19.419000
295.331779 40.195127 3732.840000 4768.140000 19.431000
295.406268 40.200450 369.550000 812.280000 19.453000
295.329232 40.206469 2990.080000 5504.100000 19.468000
295.326033 40.204237 3283.490000 5569.670000 19.485000
295.347698 40.165954 5270.040000 2342.340000 19.495000
295.403484 40.187403 1451.070000 289.690000 19.514000
295.338315 40.203262 2867.170000 4820.660000 19.514000
295.331803 40.208549 2732.880000 5466.360000 19.545000
295.320463 40.195932 4123.360000 5453.550000 19.586000
295.330791 40.203063 3181.480000 5238.020000 19.600000
295.380841 40.206475 934.510000 2571.380000 19.556000
295.342175 40.167027 5410.190000 2712.350000 19.623000
295.392816 40.176565 2682.510000 330.560000 19.676000
295.400116 40.195552 979.120000 906.230000 19.679000
295.315556 40.189462 4800.340000 5395.400000 19.683000
295.368804 40.161254 4778.700000 897.020000 19.691000
295.326193 40.187118 4551.350000 4668.410000 19.701000
295.356863 40.222083 728.080000 4747.750000 19.710000
295.370895 40.168886 4127.540000 1176.160000 19.732000
295.357356 40.169121 4649.550000 1958.270000 19.767000
295.397285 40.207980 167.360000 1715.570000 19.765000
295.345214 40.171933 4924.030000 2795.310000 19.770000
295.347663 40.215132 1611.660000 4908.120000 19.782000
295.313609 40.183253 5340.030000 5182.560000 19.790000
295.341444 40.218281 1624.830000 5425.710000 19.792000
295.401092 40.181616 1976.870000 123.650000 19.818000
295.401544 40.183960 1784.510000 220.290000 19.832000
295.390985 40.206969 493.690000 2020.750000 19.830000
295.394251 40.175201 2726.790000 177.810000 19.879000
295.366296 40.166714 4472.490000 1324.370000 19.913000
295.332252 40.212296 2436.170000 5636.130000 19.954000
295.393926 40.187998 1787.790000 863.910000 19.996000
295.354089 40.221586 875.490000 4879.480000 20.012000
295.322067 40.193143 4267.110000 5217.000000 20.037000
295.307536 40.189465 5119.280000 5851.620000 20.060000
295.396538 40.184417 1950.010000 528.630000 20.098000
295.407133 40.187376 1307.570000 80.940000 20.110000
295.370339 40.166345 4338.780000 1075.220000 20.123000
295.406969 40.189725 1139.430000 212.840000 20.137000
295.324164 40.203250 3431.370000 5624.420000 20.157000
295.335303 40.205901 2790.640000 5129.390000 20.155000
295.363082 40.167388 4550.310000 1542.270000 20.154000
295.342264 40.167036 5405.990000 2707.790000 20.197000
295.371558 40.161191 4673.660000 737.110000 20.219000
295.314540 40.189054 4871.120000 5431.910000 20.255000
295.348629 40.219349 1259.340000 5073.050000 20.262000
295.332629 40.208616 2694.980000 5422.920000 20.276000
295.361739 40.161599 5034.690000 1316.780000 20.285000
295.407470 40.197410 547.770000 585.360000 20.341000
295.338763 40.210432 2315.680000 5168.970000 20.335000
295.396395 40.178458 2399.060000 225.870000 20.359000
295.319383 40.197844 4024.020000 5614.540000 20.371000
295.397623 40.198399 866.630000 1196.470000 20.422000
295.330532 40.171612 5532.660000 3613.540000 20.396000
295.365590 40.160242 4982.160000 1026.970000 20.424000
295.394171 40.205979 440.330000 1788.110000 20.429000
295.386491 40.169587 3453.750000 326.040000 20.455000
295.409200 40.202272 117.150000 740.790000 20.451000
295.325103 40.173338 5620.410000 4012.240000 20.497000
295.412461 40.197402 349.430000 301.390000 20.497000
295.389660 40.178017 2700.340000 585.650000 20.505000
295.340549 40.215985 1831.310000 5356.910000 20.515000
295.368868 40.165089 4490.890000 1093.360000 20.513000
295.380741 40.163745 4117.670000 348.190000 20.584000
295.391344 40.175940 2787.730000 381.550000 20.575000
295.346332 40.173011 4799.270000 2787.920000 20.583000
295.324771 40.176813 5375.020000 4212.200000 20.583000
295.382741 40.211381 493.830000 2719.300000 20.580000
295.336167 40.167323 5627.450000 3069.480000 20.627000
295.330636 40.209671 2695.820000 5591.170000 20.643000
295.352807 40.164142 5201.290000 1957.310000 20.653000
295.362249 40.161386 5030.180000 1276.650000 20.653000
295.389232 40.207690 509.830000 2157.980000 20.704000
295.342266 40.215716 1783.010000 5245.240000 20.735000
295.397926 40.182971 2002.280000 374.300000 20.759000
295.314378 40.185286 5158.040000 5244.810000 20.764000
295.390432 40.207159 501.520000 2062.090000 20.805000
295.344693 40.171663 4964.910000 2810.830000 20.823000
295.386658 40.204444 853.860000 2134.880000 20.799000
295.366910 40.169049 4274.240000 1411.230000 20.837000
295.355773 40.219502 963.550000 4675.070000 20.890000
295.410628 40.191571 856.250000 101.210000 20.920000
295.406558 40.202308 219.820000 892.790000 20.930000
295.334053 40.173535 5249.340000 3513.530000 20.955000
295.323827 40.202787 3479.230000 5619.500000 20.964000
295.331589 40.171398 5506.480000 3542.230000 20.972000
295.320818 40.177622 5472.200000 4479.180000 20.988000
295.387030 40.174581 3060.770000 555.930000 20.986000
295.323004 40.189202 4523.170000 4958.360000 21.021000
295.354144 40.205862 2043.440000 4056.480000 21.287000
295.340546 40.213603 2008.710000 5232.910000 21.064000
295.304470 40.186582 5455.950000 5875.770000 21.090000
295.407541 40.194387 769.810000 423.630000 21.119000
295.351693 40.158865 5638.410000 1745.530000 21.130000
295.399366 40.184987 1794.900000 397.630000 21.156000
295.393745 40.177560 2571.460000 329.630000 21.145000
295.336776 40.167320 5603.440000 3034.720000 21.155000
295.349991 40.219237 1213.450000 4989.850000 21.154000
295.354722 40.225603 551.360000 5052.940000 21.158000
295.411990 40.192701 717.930000 82.820000 21.264000
295.319683 40.180718 5286.870000 4705.060000 21.219000
295.378170 40.215386 377.890000 3187.910000 21.235000
295.308356 40.183725 5513.950000 5505.900000 21.233000
295.399192 40.208640 42.330000 1641.650000 21.244000
295.321983 40.179565 5281.170000 4514.170000 21.263000
295.339459 40.185566 4138.610000 3833.220000 21.268000
295.402161 40.207037 43.310000 1389.350000 21.313000
295.360506 40.165622 4784.370000 1596.670000 21.342000
295.337848 40.212810 2175.150000 5344.850000 21.343000
295.348757 40.218943 1284.470000 5044.630000 21.339000
295.321729 40.186528 4773.000000 4891.470000 21.349000
295.340706 40.185044 4127.830000 3735.040000 21.345000
295.304301 40.184728 5600.730000 5788.800000 21.382000
295.389846 40.206975 538.600000 2085.740000 21.341000
295.413544 40.197358 309.530000 237.600000 21.472000
295.329735 40.195729 3769.420000 4915.760000 21.407000
295.335409 40.177894 4870.870000 3663.590000 21.393000
295.408970 40.193394 786.770000 290.580000 21.429000
295.379847 40.208110 852.470000 2713.090000 21.392000
295.369502 40.162155 4683.880000 904.360000 21.394000
295.348394 40.212946 1745.180000 4752.640000 21.441000
295.324241 40.188944 4493.170000 4874.530000 21.447000
295.370900 40.160971 4716.230000 763.090000 21.468000
295.361857 40.216858 918.020000 4191.550000 21.497000
295.337178 40.170619 5341.880000 3183.760000 21.525000
295.336594 40.203068 2950.080000 4908.380000 21.523000
295.363771 40.161560 4956.560000 1199.210000 21.528000
295.331195 40.206239 2929.060000 5380.540000 21.546000
295.401289 40.195032 971.050000 812.510000 21.689000
295.391236 40.176760 2730.990000 430.510000 21.573000
295.366517 40.158529 5072.630000 884.960000 21.588000
295.386671 40.170483 3379.940000 362.540000 21.620000
295.377228 40.217522 256.580000 3352.830000 21.621000
295.385919 40.214673 122.370000 2710.460000 21.626000
295.385978 40.210345 441.990000 2481.310000 21.635000
295.359315 40.161630 5128.940000 1456.250000 21.678000
295.373202 40.220306 209.710000 3726.760000 21.850000
295.383485 40.164616 3943.440000 237.660000 21.671000
295.339732 40.215497 1900.140000 5377.880000 21.701000
295.410323 40.198657 341.280000 488.380000 21.821000
295.371428 40.167701 4194.460000 1084.050000 21.714000
295.389388 40.212013 182.040000 2374.580000 21.735000
295.388258 40.170062 3347.980000 250.340000 21.747000
295.412878 40.197337 337.660000 274.340000 21.785000
295.405564 40.197788 595.620000 713.380000 21.758000
295.347103 40.209109 2082.140000 4625.950000 21.742000
295.325562 40.196816 3854.620000 5209.630000 21.754000
295.388988 40.170349 3297.580000 223.850000 21.763000
295.405655 40.194615 828.020000 542.670000 21.799000
295.330508 40.171654 5530.490000 3617.070000 21.762000
295.312220 40.185779 5207.290000 5393.170000 21.765000
295.329199 40.194789 3860.670000 4897.260000 22.112000
295.359474 40.165068 4866.740000 1626.490000 21.798000
295.324942 40.175813 5442.640000 4150.360000 21.825000
295.319058 40.178075 5508.500000 4602.890000 21.835000
295.386872 40.210278 411.370000 2427.050000 21.833000
295.359395 40.162113 5089.820000 1476.900000 22.211000
295.353498 40.225287 623.600000 5106.040000 21.850000
295.412313 40.197134 375.280000 295.830000 21.854000
295.386933 40.169405 3449.720000 291.390000 21.873000
295.361318 40.221679 580.830000 4473.560000 21.887000
295.340953 40.209781 2276.990000 5010.520000 21.883000
295.398590 40.189534 1487.630000 679.000000 21.885000
295.313489 40.183094 5356.590000 5181.160000 21.926000
295.355187 40.222097 793.760000 4843.740000 21.971000
295.367508 40.161628 4802.610000 990.200000 22.061000
295.364946 40.168582 4387.260000 1498.570000 21.972000
295.325580 40.197951 3769.380000 5267.820000 21.996000
295.317709 40.196872 4163.000000 5659.070000 22.015000
295.401391 40.188153 1478.720000 447.760000 22.258000
295.323956 40.177003 5393.310000 4268.430000 22.027000
295.376735 40.215792 404.870000 3290.650000 22.032000
295.402831 40.196235 820.120000 787.630000 22.048000
295.342902 40.211700 2056.580000 4999.800000 22.045000
295.354612 40.161707 5310.640000 1727.710000 22.061000
295.318063 40.190108 4652.460000 5286.470000 22.070000
295.318623 40.198891 3976.380000 5712.290000 22.057000
295.339782 40.205462 2645.060000 4851.950000 22.070000
295.372048 40.218117 418.590000 3678.180000 22.071000
295.373827 40.219188 268.010000 3632.990000 22.087000
295.339961 40.201266 2950.190000 4623.000000 22.079000
295.413797 40.195005 474.510000 100.390000 22.159000
295.316887 40.181071 5371.950000 4882.450000 22.112000
295.416135 40.198426 126.810000 146.120000 22.264000
295.351188 40.220824 1047.740000 5004.550000 22.225000
295.386061 40.203842 922.500000 2137.400000 22.082000
295.379024 40.216246 279.950000 3184.200000 22.136000
295.407153 40.196112 656.930000 535.670000 22.140000
295.375934 40.190060 2351.300000 1994.050000 22.147000
295.341390 40.179445 4517.290000 3404.350000 22.109000
295.361001 40.183225 3454.810000 2486.460000 22.273000
295.381333 40.168632 3730.450000 569.470000 22.088000
295.394085 40.183249 2134.690000 607.090000 22.208000
295.342943 40.213224 1941.500000 5076.910000 22.171000
295.324795 40.192303 4221.080000 5018.060000 22.190000
295.337896 40.168937 5438.480000 3055.240000 22.573000
295.315469 40.196539 4276.960000 5769.110000 22.196000
295.392873 40.206332 465.780000 1880.230000 22.204000
295.410477 40.198461 349.720000 469.370000 22.171000
295.348691 40.220251 1189.770000 5116.570000 22.389000
295.358558 40.177517 3976.910000 2327.640000 22.253000
295.352552 40.164388 5193.210000 1984.610000 22.212000
295.337570 40.214097 2090.410000 5427.760000 22.227000
295.396275 40.206789 296.280000 1710.780000 22.231000
295.366016 40.215539 850.590000 3886.450000 22.234000
295.333124 40.202786 3109.240000 5090.900000 22.242000
295.321960 40.177058 5468.690000 4384.860000 22.255000
295.323569 40.183669 4912.560000 4637.860000 22.262000
295.308061 40.187798 5222.450000 5734.900000 22.280000
295.358580 40.183824 3506.710000 2655.290000 22.307000
295.374457 40.217156 394.090000 3491.180000 22.502000
295.393293 40.180094 2401.010000 487.520000 22.291000
295.315945 40.184965 5119.590000 5138.930000 22.337000
295.340561 40.207554 2458.320000 4916.740000 22.337000
295.364697 40.168739 4385.440000 1520.880000 22.309000
295.366467 40.159188 5025.600000 922.190000 22.368000
295.313011 40.191075 4781.530000 5624.190000 22.353000
295.382773 40.216634 101.760000 2991.500000 22.345000
295.389645 40.172387 3119.750000 292.800000 22.354000
295.345789 40.215984 1622.810000 5059.060000 22.363000
295.317210 40.185273 5046.310000 5083.040000 22.365000
295.341986 40.166192 5479.910000 2679.580000 22.380000
295.404706 40.186648 1458.470000 180.890000 22.364000
295.384798 40.172856 3278.050000 592.840000 22.247000
295.357426 40.163878 5036.900000 1680.870000 22.373000
295.335765 40.208005 2615.650000 5212.850000 22.377000
295.335103 40.208691 2590.990000 5286.170000 22.394000
295.402125 40.198951 646.220000 969.460000 22.410000
295.355780 40.218560 1033.370000 4625.630000 22.358000
295.377566 40.219275 112.610000 3425.050000 22.266000
295.368970 40.164278 4547.110000 1045.290000 22.414000
295.367255 40.157559 5115.400000 792.420000 22.371000
295.336973 40.188089 4049.880000 4106.070000 22.531000
295.399696 40.187687 1580.880000 519.800000 22.420000
295.383006 40.171455 3453.730000 621.580000 22.427000
295.355027 40.220873 891.230000 4788.990000 22.431000
295.318777 40.178526 5486.120000 4642.400000 22.450000
295.323482 40.174874 5570.620000 4184.460000 22.422000
295.374601 40.218382 297.190000 3546.930000 22.464000
295.375188 40.171508 3761.370000 1068.830000 22.474000
295.408828 40.202873 87.270000 793.320000 22.976000
295.357321 40.165941 4887.570000 1794.430000 22.371000
295.379772 40.212919 497.710000 2968.220000 22.423000
295.323238 40.202767 3504.170000 5651.900000 22.510000
295.403442 40.204852 154.770000 1202.570000 22.534000
295.401794 40.196160 866.990000 842.670000 22.645000
295.368486 40.158483 4997.560000 770.590000 22.497000
295.312140 40.188007 5044.570000 5513.800000 22.527000
295.358607 40.184194 3478.070000 2673.010000 22.710000
295.410841 40.196559 476.740000 349.460000 22.552000
295.374054 40.219929 203.830000 3658.690000 22.537000
295.368985 40.161030 4788.190000 875.040000 22.546000
295.377652 40.211987 651.500000 3040.040000 22.546000
295.359024 40.164424 4932.580000 1618.460000 22.635000
295.340532 40.164909 5633.290000 2695.410000 22.594000
295.386197 40.212407 279.870000 2576.480000 22.600000
295.361935 40.207776 1590.740000 3713.510000 22.667000
295.371612 40.164939 4392.650000 929.510000 22.499000
295.320669 40.198746 3905.720000 5588.430000 22.649000
295.338724 40.194278 3519.530000 4329.100000 22.765000
295.385213 40.214031 198.240000 2717.080000 22.749000
295.371656 40.164222 4444.280000 889.640000 22.681000
295.415895 40.196831 255.020000 76.510000 22.678000
295.361340 40.164707 4819.260000 1501.560000 22.652000
295.363683 40.162487 4891.090000 1252.500000 22.440000
295.391184 40.176017 2788.350000 394.690000 22.676000
295.365418 40.162118 4849.420000 1134.620000 22.701000
295.353898 40.222123 843.110000 4918.300000 22.442000
295.354553 40.207819 1881.550000 4135.270000 23.272000
295.372277 40.205744 1330.060000 3019.820000 23.009000
295.385367 40.212875 278.110000 2648.010000 22.734000
295.365188 40.168575 4378.130000 1484.400000 22.721000
295.410541 40.196315 506.800000 353.750000 22.756000
295.318212 40.177549 5581.350000 4623.590000 22.754000
295.308802 40.185738 5346.380000 5585.430000 22.771000
295.334008 40.209445 2578.420000 5387.780000 22.766000
295.369177 40.165544 4444.670000 1099.510000 22.875000
295.390592 40.207153 495.630000 2052.640000 22.742000
295.339698 40.205131 2672.980000 4839.470000 22.787000
295.364207 40.160332 5030.580000 1110.330000 22.734000
295.368722 40.192643 2446.420000 2538.660000 22.951000
295.368450 40.161935 4742.170000 952.680000 22.785000
295.402542 40.194291 976.220000 702.670000 22.848000
295.351772 40.214820 1471.210000 4658.350000 22.859000
295.348546 40.175480 4527.300000 2790.740000 22.824000
295.379864 40.202509 1268.500000 2419.990000 22.869000
295.335461 40.197890 3380.570000 4702.860000 22.907000
295.348606 40.203184 2463.230000 4231.680000 22.876000
295.354155 40.179450 4008.450000 2678.810000 24.120000
295.318406 40.177234 5597.040000 4596.160000 22.936000
295.336660 40.201554 3060.140000 4825.730000 22.950000
295.356774 40.174447 4276.380000 2269.020000 22.939000
295.350141 40.215093 1515.910000 4765.270000 22.965000
295.366077 40.162202 4816.950000 1101.530000 23.232000
295.335112 40.188846 4067.560000 4251.320000 23.142000
295.363487 40.162536 4895.250000 1266.270000 22.803000
295.412245 40.195484 500.700000 213.620000 22.990000
295.374870 40.194019 2099.140000 2260.960000 23.319000
295.401658 40.204387 260.420000 1279.680000 22.998000
295.311651 40.190923 4846.990000 5693.560000 23.007000
295.395416 40.204876 472.840000 1659.810000 22.911000
295.317049 40.179186 5505.830000 4775.000000 23.014000
295.360288 40.168721 4562.520000 1770.680000 22.950000
295.322536 40.201144 3652.930000 5607.210000 23.041000
295.385496 40.171283 3367.300000 471.060000 23.068000
295.405830 40.195153 781.020000 560.800000 23.073000
295.360605 40.175054 4078.600000 2082.850000 23.308000
295.331182 40.190283 4117.160000 4549.630000 23.081000
295.385229 40.179611 2758.350000 920.660000 23.077000
295.374077 40.200935 1616.200000 2666.730000 22.992000
295.363029 40.219303 689.420000 4252.440000 23.091000
295.338580 40.191138 3758.920000 4173.640000 23.281000
295.391684 40.172731 3012.880000 194.840000 23.113000
295.352360 40.206724 2050.300000 4202.870000 23.156000
295.356529 40.224174 585.760000 4875.770000 23.125000
295.323703 40.189397 4480.860000 4928.730000 23.134000
295.405060 40.186775 1434.970000 167.350000 23.145000
295.356738 40.215801 1200.540000 4427.300000 23.131000
295.347837 40.218511 1353.250000 5074.350000 23.115000
295.395306 40.204415 511.460000 1642.000000 23.017000
295.359090 40.162055 5106.220000 1491.190000 22.973000
295.336675 40.201704 3048.420000 4832.670000 23.177000
295.333555 40.204379 2973.490000 5149.430000 23.196000
295.363728 40.166313 4604.620000 1449.480000 23.180000
295.338097 40.210613 2328.770000 5216.210000 23.216000
295.365021 40.161410 4917.880000 1120.270000 22.823000
295.372747 40.219055 320.930000 3687.370000 23.165000
295.369659 40.160196 4823.360000 793.230000 24.594000
295.403368 40.204355 194.690000 1180.840000 22.990000
295.380379 40.209382 736.650000 2749.270000 23.241000
295.356404 40.206166 1930.850000 3943.900000 23.312000
295.377922 40.217916 199.590000 3333.950000 25.141000
295.375696 40.202859 1408.520000 2675.060000 23.282000
295.348620 40.212493 1769.930000 4716.120000 23.312000
295.324069 40.189041 4492.760000 4889.410000 23.363000
295.385620 40.166552 3714.280000 217.240000 23.025000
295.368264 40.198339 2040.840000 2861.740000 23.506000
295.404062 40.189680 1258.650000 375.680000 24.472000
295.363858 40.169446 4366.280000 1605.450000 23.403000
295.378788 40.198029 1644.720000 2247.490000 23.709000
295.368572 40.165245 4491.010000 1118.340000 23.342000
295.333280 40.195793 3623.480000 4717.540000 23.475000
295.397379 40.196273 1034.590000 1099.400000 23.551000
295.348336 40.185514 3789.010000 3325.760000 23.525000
295.341414 40.212934 2023.980000 5148.630000 23.500000
295.398465 40.194323 1136.320000 936.000000 23.527000
295.356039 40.218107 1056.740000 4587.250000 23.549000
295.340175 40.209930 2296.830000 5062.480000 23.640000
295.356800 40.213340 1381.180000 4295.450000 23.691000
295.358447 40.172492 4355.250000 2072.000000 23.791000
295.361644 40.212196 1273.460000 3960.550000 23.923000
295.364379 40.161851 4910.640000 1179.790000 23.576000
295.363451 40.160861 5021.340000 1180.920000 24.196000
295.373828 40.165931 4230.510000 855.310000 26.076000
295.360119 40.219882 762.280000 4447.980000 26.532000
295.350508 40.219675 1160.240000 4983.310000 26.369000
295.318338 40.178238 0.000000 0.000000 18.717500
295.314335 40.185345 0.000000 0.000000 19.839500
295.321011 40.178552 0.000000 0.000000 19.094500
295.320046 40.185115 0.000000 0.000000 19.399500
295.320443 40.195940 0.000000 0.000000 19.606000
295.326173 40.187126 0.000000 0.000000 19.718000
295.322048 40.193151 0.000000 0.000000 20.060000
295.307517 40.189472 0.000000 0.000000 20.080500
295.314359 40.185293 0.000000 0.000000 20.778500
295.320799 40.177629 0.000000 0.000000 21.029500
295.322985 40.189210 0.000000 0.000000 21.041000
295.319664 40.180725 0.000000 0.000000 21.241000
295.321964 40.179572 0.000000 0.000000 21.277500
295.321709 40.186535 0.000000 0.000000 21.355000
295.324222 40.188951 0.000000 0.000000 21.454000
295.324923 40.175820 0.000000 0.000000 21.822500
295.313470 40.183101 0.000000 0.000000 21.947500
295.323938 40.177009 0.000000 0.000000 22.039000
295.316867 40.181077 0.000000 0.000000 22.118000
295.324776 40.192310 0.000000 0.000000 22.207500
295.315450 40.196547 0.000000 0.000000 22.246500
295.323549 40.183676 0.000000 0.000000 22.190000
295.308042 40.187805 0.000000 0.000000 22.287000
295.315926 40.184971 0.000000 0.000000 22.351000
295.312992 40.191082 0.000000 0.000000 22.373000
295.317191 40.185279 0.000000 0.000000 22.391500
295.318757 40.178533 0.000000 0.000000 22.462500
295.323464 40.174881 0.000000 0.000000 22.432000
295.318193 40.177556 0.000000 0.000000 22.775500
295.308782 40.185744 0.000000 0.000000 22.799000
295.318387 40.177241 0.000000 0.000000 22.952000
295.335092 40.188854 0.000000 0.000000 22.940000
295.311632 40.190929 0.000000 0.000000 23.021500
295.317030 40.179191 0.000000 0.000000 23.078000
295.331163 40.190290 0.000000 0.000000 23.073500
295.323684 40.189404 0.000000 0.000000 23.139500
295.324136 40.189000 0.000000 0.000000 22.412000
