0 25 568 0.000071
1 92 656 0.000071
2 105 77 0.000052
3 174 116 0.000053
4 179 119 0.000056
5 185 734 0.000038
6 186 717 0.000071
7 194 125 0.000056
8 202 723 0.000072
9 207 725 0.000072
10 214 727 0.000078
11 216 726 0.000074
12 225 733 0.000072
13 227 734 0.000071
14 230 737 0.000072
15 232 138 0.000056
16 234 738 0.000072
17 236 139 0.000054
18 240 740 0.000072
19 241 146 0.000055
20 243 151 0.000055
21 247 747 0.000075
22 254 744 0.000071
23 265 203 0.000024
24 266 751 0.000073
25 272 157 0.000054
26 284 759 0.000073
27 286 761 0.000075
28 289 173 0.000056
29 293 174 0.000059
30 294 175 0.000059
31 295 177 0.000057
32 300 180 0.000053
33 301 182 0.000059
34 302 185 0.000054
35 303 146 0.000051
36 311 772 0.000073
37 314 773 0.000072
38 315 771 0.000071
39 319 776 0.000073
40 320 194 0.000060
41 326 778 0.000069
42 349 796 0.000072
43 353 800 0.000073
44 357 219 0.000055
45 358 213 0.000054
46 361 224 0.000058
47 363 218 0.000056
48 372 228 0.000055
49 377 239 0.000056
50 378 810 0.000071
51 380 253 0.000057
52 381 240 0.000055
53 383 807 0.000076
54 385 822 0.000075
55 388 241 0.000060
56 389 816 0.000073
57 396 237 0.000057
58 398 249 0.000055
59 400 255 0.000056
60 401 821 0.000075
61 405 258 0.000058
62 406 817 0.000069
63 408 248 0.000054
64 416 259 0.000055
65 421 273 0.000059
66 423 833 0.000074
67 424 832 0.000073
68 427 274 0.000058
69 433 842 0.000073
70 443 835 0.000071
71 446 282 0.000057
72 447 280 0.000059
73 449 283 0.000059
74 450 846 0.000072
75 452 844 0.000075
76 457 286 0.000054
77 459 292 0.000058
78 463 294 0.000055
79 465 297 0.000055
80 470 858 0.000072
81 475 305 0.000056
82 483 866 0.000071
83 485 877 0.000075
84 491 322 0.000057
85 496 880 0.000075
86 497 324 0.000057
87 499 328 0.000055
88 501 330 0.000056
89 502 881 0.000072
90 509 306 0.000059
91 519 348 0.000059
92 520 887 0.000071
93 521 892 0.000073
94 523 898 0.000072
95 527 351 0.000056
96 529 894 0.000071
97 548 373 0.000060
98 549 910 0.000072
99 552 365 0.000059
100 556 921 0.000072
101 565 933 0.000073
102 573 384 0.000058
103 574 378 0.000058
104 575 938 0.000072
105 576 375 0.000057
106 583 386 0.000058
107 585 382 0.000056
108 588 946 0.000076
109 589 383 0.000054
110 592 385 0.000059
111 616 956 0.000070
112 624 417 0.000060
113 630 967 0.000071
114 632 420 0.000056
115 646 982 0.000073
116 657 994 0.000074
117 662 990 0.000074
118 665 444 0.000056
119 668 442 0.000055
120 670 453 0.000055
121 672 449 0.000054
122 681 997 0.000071
123 685 993 0.000072
124 687 463 0.000059
125 689 460 0.000054
126 696 1006 0.000070
127 698 1008 0.000070
128 700 1019 0.000074
129 705 1018 0.000073
130 710 1022 0.000076
131 719 473 0.000059
132 722 997 0.000126
133 723 1025 0.000072
134 728 1027 0.000073
135 776 510 0.000057
136 778 509 0.000059
137 779 1044 0.000073
138 780 511 0.000058
139 784 1041 0.000072
140 787 1046 0.000075
141 793 520 0.000057
142 797 1047 0.000072
143 805 525 0.000056
144 810 531 0.000057
145 872 564 0.000055
146 890 603 0.000054
147 901 599 0.000056
148 922 33 0.000052
149 930 625 0.000054
150 946 47 0.000054
151 958 74 0.000052
152 996 117 0.000053
153 1000 122 0.000050
154 1012 142 0.000050
155 1014 144 0.000051
156 1018 745 0.000054
157 1023 748 0.000054
158 1027 155 0.000050
159 1029 160 0.000050
160 1030 159 0.000050
161 1034 758 0.000054
162 1042 766 0.000055
163 1043 176 0.000051
164 1044 768 0.000055
165 1046 770 0.000054
166 1051 191 0.000050
167 1060 195 0.000050
168 1064 789 0.000054
169 1067 790 0.000055
170 1070 207 0.000050
171 1071 793 0.000055
172 1073 209 0.000052
173 1074 208 0.000051
174 1081 215 0.000050
175 1086 225 0.000052
176 1087 227 0.000051
177 1090 806 0.000056
178 1099 243 0.000050
179 1101 237 0.000051
180 1109 250 0.000052
181 1113 268 0.000051
182 1119 269 0.000049
183 1120 274 0.000052
184 1124 829 0.000057
185 1125 831 0.000052
186 1129 672 0.000123
187 1132 834 0.000057
188 1133 284 0.000052
189 1134 285 0.000052
190 1139 287 0.000049
191 1152 312 0.000051
192 1153 845 0.000052
193 1158 860 0.000055
194 1165 874 0.000057
195 1169 333 0.000051
196 1174 886 0.000057
197 1182 340 0.000050
198 1190 354 0.000052
199 1191 352 0.000050
200 1205 906 0.000055
201 1211 922 0.000056
202 1212 929 0.000057
203 1228 390 0.000051
204 1229 385 0.000052
205 1233 393 0.000051
206 1235 960 0.000053
207 1238 387 0.000050
208 1240 410 0.000050
209 1244 402 0.000052
210 1258 421 0.000051
211 1259 978 0.000056
212 1277 991 0.000055
213 1281 998 0.000054
214 1282 450 0.000055
215 1288 1011 0.000053
216 1299 483 0.000051
217 1324 135 0.000004
218 1325 237 0.000003
219 1326 274 0.000004
220 1327 385 0.000004
