0 5 0 0.000120
1 6 4 0.000113
2 7 2 0.000112
3 8 3 0.000113
4 9 7 0.000114
5 10 1 0.000114
6 11 16 0.000113
7 12 5 0.000113
8 13 10 0.000114
9 14 12 0.000113
10 15 11 0.000113
11 16 14 0.000113
12 17 6 0.000113
13 18 21 0.000113
14 19 15 0.000114
15 20 17 0.000113
16 21 13 0.000113
17 22 20 0.000113
18 23 9 0.000112
19 24 18 0.000113
20 25 23 0.000117
21 26 19 0.000113
22 27 27 0.000119
23 30 25 0.000112
24 31 32 0.000117
25 32 31 0.000114
26 33 24 0.000113
27 34 36 0.000113
28 35 28 0.000113
29 36 43 0.000118
30 37 26 0.000113
31 38 30 0.000114
32 39 22 0.000112
33 40 35 0.000114
34 41 40 0.000114
35 42 39 0.000112
36 43 37 0.000114
37 45 41 0.000114
38 46 44 0.000110
39 47 42 0.000113
40 48 34 0.000113
41 49 38 0.000113
42 50 45 0.000113
43 52 46 0.000112
44 53 48 0.000114
45 54 51 0.000114
46 55 52 0.000114
47 57 50 0.000113
48 58 60 0.000113
49 59 58 0.000121
50 60 49 0.000112
51 61 53 0.000113
52 62 54 0.000111
53 63 55 0.000118
54 64 56 0.000113
55 65 57 0.000115
56 67 61 0.000115
57 69 65 0.000112
58 70 67 0.000116
59 71 73 0.000115
60 72 62 0.000111
61 73 70 0.000115
62 74 63 0.000112
63 75 66 0.000114
64 79 71 0.000114
65 80 72 0.000112
66 81 76 0.000113
67 82 69 0.000111
68 83 21 0.000135
69 84 2107 0.000101
70 85 78 0.000115
71 86 79 0.000112
72 87 80 0.000112
73 88 85 0.000114
74 89 82 0.000115
75 91 75 0.000112
76 93 81 0.000114
77 95 99 0.000095
78 96 89 0.000114
79 98 83 0.000112
80 100 88 0.000116
81 101 87 0.000111
82 103 92 0.000114
83 104 94 0.000112
84 105 93 0.000115
85 107 90 0.000109
86 108 98 0.000114
87 109 103 0.000113
88 111 101 0.000116
89 113 104 0.000114
90 118 108 0.000113
91 122 138 0.000119
92 125 2148 0.000097
93 128 105 0.000116
94 129 113 0.000113
95 130 107 0.000110
96 139 2171 0.000098
97 140 741 0.000085
98 141 122 0.000114
99 144 111 0.000114
100 146 2157 0.000098
101 147 112 0.000113
102 149 116 0.000115
103 150 2162 0.000098
104 153 135 0.000112
105 155 752 0.000087
106 156 166 0.000110
107 157 2154 0.000097
108 158 2201 0.000117
109 159 115 0.000113
110 160 178 0.000116
111 161 127 0.000115
112 162 783 0.000086
113 163 172 0.000110
114 165 119 0.000115
115 166 126 0.000113
116 168 120 0.000116
117 169 158 0.000113
118 170 125 0.000119
119 174 188 0.000115
120 175 2160 0.000095
121 179 121 0.000113
122 182 128 0.000115
123 183 2172 0.000100
124 184 117 0.000116
125 186 139 0.000114
126 187 185 0.000070
127 189 148 0.000116
128 192 766 0.000083
129 193 2225 0.000101
130 194 785 0.000086
131 195 2193 0.000100
132 196 133 0.000113
133 197 210 0.000115
134 198 131 0.000113
135 200 130 0.000115
136 201 197 0.000115
137 202 129 0.000113
138 203 167 0.000113
139 204 142 0.000114
140 205 169 0.000112
141 206 134 0.000115
142 207 144 0.000115
143 209 2201 0.000126
144 210 140 0.000111
145 213 143 0.000112
146 214 2177 0.000097
147 215 185 0.000116
148 217 141 0.000116
149 218 177 0.000113
150 219 173 0.000114
151 220 2179 0.000096
152 222 802 0.000087
153 226 204 0.000113
154 228 183 0.000115
155 230 2216 0.000097
156 231 189 0.000115
157 232 2242 0.000098
158 233 192 0.000115
159 234 196 0.000114
160 235 209 0.000114
161 237 792 0.000084
162 238 151 0.000114
163 239 835 0.000086
164 241 2194 0.000100
165 244 2195 0.000098
166 247 201 0.000116
167 248 146 0.000114
168 250 154 0.000115
169 252 2192 0.000100
170 253 2238 0.000098
171 255 168 0.000114
172 257 152 0.000115
173 258 153 0.000114
174 259 231 0.000118
175 260 176 0.000113
176 261 2246 0.000097
177 262 803 0.000088
178 263 161 0.000113
179 265 239 0.000112
180 266 2239 0.000098
181 267 163 0.000112
182 268 2371 0.000042
183 269 217 0.000114
184 270 219 0.000114
185 272 879 0.000086
186 274 191 0.000113
187 276 171 0.000115
188 277 844 0.000087
189 278 194 0.000114
190 280 2252 0.000099
191 281 180 0.000116
192 282 238 0.000115
193 283 228 0.000113
194 285 857 0.000087
195 286 207 0.000113
196 287 289 0.000113
197 288 186 0.000116
198 291 246 0.000114
199 293 2266 0.000098
200 294 211 0.000114
201 295 199 0.000115
202 298 261 0.000115
203 299 295 0.000116
204 300 271 0.000113
205 301 195 0.000114
206 302 184 0.000114
207 303 869 0.000085
208 306 247 0.000118
209 307 223 0.000115
210 309 2308 0.000097
211 312 336 0.000117
212 313 272 0.000114
213 314 2306 0.000096
214 315 266 0.000116
215 322 264 0.000113
216 323 2699 0.000083
217 324 2226 0.000098
218 327 283 0.000117
219 328 275 0.000111
220 329 302 0.000113
221 330 290 0.000112
222 331 230 0.000116
223 332 2301 0.000097
224 333 225 0.000117
225 334 890 0.000089
226 338 923 0.000085
227 339 2290 0.000098
228 341 208 0.000112
229 342 200 0.000114
230 343 2381 0.000081
231 346 387 0.000108
232 347 358 0.000115
233 348 320 0.000113
234 349 307 0.000115
235 351 2273 0.000058
236 352 314 0.000113
237 353 310 0.000111
238 354 2329 0.000100
239 356 313 0.000114
240 358 275 0.000112
241 360 378 0.000119
242 361 2285 0.000099
243 362 257 0.000112
244 364 2235 0.000098
245 365 393 0.000114
246 366 224 0.000112
247 368 855 0.000087
248 369 248 0.000115
249 371 226 0.000115
250 372 291 0.000111
251 373 220 0.000114
252 375 233 0.000114
253 376 306 0.000115
254 377 2275 0.000099
255 378 337 0.000113
256 379 338 0.000114
257 382 308 0.000115
258 383 312 0.000117
259 384 241 0.000113
260 385 346 0.000115
261 386 254 0.000113
262 388 327 0.000115
263 389 386 0.000112
264 393 304 0.000118
265 396 458 0.000117
266 399 2336 0.000096
267 400 286 0.000112
268 401 367 0.000112
269 402 273 0.000113
270 403 315 0.000112
271 404 229 0.000115
272 406 236 0.000116
273 409 255 0.000115
274 410 363 0.000117
275 411 2251 0.000097
276 412 309 0.000108
277 413 416 0.000106
278 414 375 0.000112
279 415 317 0.000111
280 416 860 0.000086
281 417 873 0.000087
282 418 951 0.000085
283 419 270 0.000112
284 422 2373 0.000095
285 423 267 0.000114
286 425 365 0.000113
287 426 398 0.000113
288 427 420 0.000123
289 428 265 0.000116
290 433 258 0.000114
291 434 413 0.000114
292 435 345 0.000115
293 436 487 0.000117
294 437 2312 0.000102
295 438 318 0.000116
296 439 294 0.000116
297 440 417 0.000113
298 441 394 0.000120
299 444 981 0.000086
300 447 965 0.000087
301 448 871 0.000087
302 450 319 0.000117
303 454 403 0.000116
304 456 2395 0.000096
305 457 256 0.000115
306 458 423 0.000113
307 459 2300 0.000098
308 460 303 0.000116
309 462 414 0.000112
310 463 985 0.000087
311 464 406 0.000116
312 467 285 0.000114
313 469 260 0.000116
314 470 2319 0.000097
315 471 288 0.000113
316 472 470 0.000058
317 474 2412 0.000097
318 476 383 0.000116
319 477 293 0.000116
320 481 369 0.000118
321 482 377 0.000117
322 483 329 0.000112
323 489 496 0.000118
324 491 444 0.000115
325 493 2426 0.000098
326 494 421 0.000113
327 498 299 0.000115
328 506 466 0.000114
329 510 373 0.000112
330 511 963 0.000088
331 512 296 0.000113
332 514 2458 0.000100
333 515 590 0.000078
334 516 469 0.000115
335 517 1043 0.000085
336 519 323 0.000115
337 521 523 0.000109
338 522 342 0.000114
339 527 380 0.000111
340 529 440 0.000116
341 531 454 0.000111
342 532 351 0.000114
343 533 1068 0.000087
344 534 881 0.000087
345 536 1042 0.000086
346 537 344 0.000113
347 540 412 0.000114
348 549 333 0.000115
349 552 481 0.000115
350 555 388 0.000112
351 557 334 0.000113
352 559 485 0.000115
353 561 488 0.000115
354 563 493 0.000115
355 564 385 0.000115
356 569 324 0.000113
357 570 384 0.000115
358 571 5 0.000124
359 573 475 0.000116
360 575 311 0.000115
361 577 381 0.000113
362 582 976 0.000086
363 583 361 0.000114
364 584 509 0.000112
365 590 975 0.000086
366 592 454 0.000030
367 593 366 0.000115
368 594 939 0.000087
369 595 510 0.000114
370 598 522 0.000113
371 601 428 0.000114
372 605 517 0.000116
373 607 937 0.000089
374 611 527 0.000113
375 613 490 0.000111
376 614 460 0.000115
377 618 341 0.000115
378 623 349 0.000114
379 627 535 0.000114
380 630 371 0.000114
381 631 524 0.000116
382 633 2437 0.000099
383 635 533 0.000116
384 636 532 0.000116
385 637 379 0.000112
386 638 2463 0.000099
387 642 528 0.000115
388 643 455 0.000116
389 644 429 0.000113
390 646 1076 0.000089
391 647 944 0.000086
392 650 536 0.000115
393 652 542 0.000115
394 653 446 0.000114
395 654 400 0.000115
396 665 395 0.000113
397 666 541 0.000113
398 668 481 0.000111
399 669 561 0.000112
400 673 1103 0.000089
401 675 538 0.000115
402 678 491 0.000113
403 680 569 0.000113
404 683 357 0.000115
405 688 534 0.000116
406 691 2130 0.000134
407 693 519 0.000116
408 695 560 0.000115
409 697 526 0.000114
410 698 508 0.000114
411 701 556 0.000114
412 704 989 0.000088
413 705 422 0.000112
414 706 1070 0.000086
415 708 563 0.000115
416 709 401 0.000118
417 713 559 0.000115
418 715 558 0.000110
419 722 565 0.000112
420 727 546 0.000112
421 728 544 0.000116
422 730 489 0.000118
423 731 572 0.000116
424 732 555 0.000114
425 733 583 0.000114
426 736 477 0.000115
427 737 1084 0.000086
428 740 438 0.000114
429 743 1058 0.000086
430 744 1016 0.000088
431 745 550 0.000113
432 747 427 0.000116
433 753 2408 0.000099
434 754 573 0.000115
435 756 459 0.000114
436 759 411 0.000117
437 761 529 0.000116
438 762 515 0.000114
439 763 422 0.000137
440 769 2477 0.000098
441 774 482 0.000114
442 775 568 0.000114
443 776 495 0.000116
444 777 547 0.000115
445 778 531 0.000115
446 781 586 0.000117
447 786 589 0.000116
448 787 585 0.000117
449 789 578 0.000113
450 790 553 0.000114
451 805 551 0.000115
452 809 574 0.000115
453 813 543 0.000116
454 817 590 0.000113
455 820 588 0.000114
456 822 530 0.000113
457 825 564 0.000115
458 828 584 0.000112
459 840 557 0.000115
460 846 2477 0.000071
461 856 529 0.000127
462 857 1392 0.000054
463 860 577 0.000139
464 883 576 0.000115
