0 5 592 0.000013
1 6 594 0.000016
2 7 593 0.000017
3 8 609 0.000014
4 9 598 0.000014
5 10 599 0.000015
6 11 605 0.000016
7 12 596 0.000015
8 13 606 0.000015
9 14 597 0.000015
10 15 614 0.000014
11 16 601 0.000016
12 17 600 0.000018
13 18 607 0.000013
14 19 595 0.000011
15 20 603 0.000013
16 21 604 0.000015
17 22 608 0.000016
18 24 613 0.000013
19 25 620 0.000014
20 26 610 0.000017
21 27 602 0.000018
22 28 627 0.000016
23 29 612 0.000019
24 30 617 0.000018
25 31 616 0.000013
26 32 621 0.000015
27 33 611 0.000017
28 34 625 0.000015
29 35 639 0.000016
30 36 623 0.000016
31 37 622 0.000015
32 38 624 0.000015
33 39 618 0.000014
34 40 628 0.000015
35 42 629 0.000014
36 43 643 0.000016
37 44 619 0.000017
38 45 630 0.000017
39 46 632 0.000013
40 47 633 0.000016
41 48 640 0.000013
42 49 636 0.000015
43 50 638 0.000017
44 51 641 0.000016
45 52 626 0.000017
46 53 634 0.000012
47 54 631 0.000017
48 55 644 0.000014
49 56 646 0.000014
50 57 645 0.000014
51 58 635 0.000015
52 59 647 0.000017
53 60 650 0.000014
54 63 654 0.000017
55 64 653 0.000014
56 65 649 0.000014
57 66 648 0.000014
58 67 29 0.000039
59 68 652 0.000013
60 69 655 0.000016
61 70 671 0.000016
62 71 658 0.000015
63 72 661 0.000017
64 73 656 0.000018
65 74 659 0.000015
66 76 663 0.000017
67 77 665 0.000014
68 78 672 0.000015
69 79 670 0.000019
70 80 657 0.000016
71 81 662 0.000015
72 82 668 0.000017
73 83 680 0.000016
74 84 660 0.000016
75 85 673 0.000016
76 87 674 0.000014
77 88 679 0.000014
78 89 664 0.000013
79 90 666 0.000018
80 91 683 0.000014
81 92 686 0.000012
82 93 669 0.000017
83 94 678 0.000019
84 95 682 0.000014
85 97 684 0.000016
86 99 681 0.000017
87 100 699 0.000016
88 101 667 0.000017
89 102 695 0.000015
90 103 690 0.000015
91 104 677 0.000014
92 105 687 0.000013
93 106 59 0.000040
94 107 688 0.000013
95 108 689 0.000017
96 109 694 0.000015
97 110 691 0.000014
98 111 701 0.000014
99 112 700 0.000014
100 113 692 0.000018
101 114 696 0.000015
102 116 697 0.000014
103 117 693 0.000015
104 118 698 0.000014
105 119 704 0.000017
106 122 706 0.000014
107 123 708 0.000017
108 124 709 0.000013
109 125 710 0.000013
110 126 707 0.000013
111 127 713 0.000014
112 128 712 0.000015
113 129 711 0.000012
114 130 717 0.000017
115 131 718 0.000015
116 132 723 0.000014
117 133 719 0.000012
118 134 720 0.000014
119 135 727 0.000015
120 136 721 0.000015
121 137 724 0.000013
122 138 734 0.000014
123 139 731 0.000017
124 140 728 0.000014
125 142 736 0.000014
126 144 737 0.000017
127 146 755 0.000013
128 155 772 0.000013
129 160 2201 0.000064
130 170 749 0.000018
131 172 744 0.000014
132 173 1344 0.000086
133 174 747 0.000013
134 175 753 0.000017
135 176 742 0.000013
136 177 1333 0.000087
137 178 741 0.000014
138 179 760 0.000014
139 180 743 0.000018
140 182 751 0.000017
141 185 765 0.000019
142 186 783 0.000014
143 187 750 0.000016
144 188 746 0.000014
145 189 763 0.000016
146 191 761 0.000016
147 192 767 0.000018
148 193 759 0.000017
149 194 1331 0.000088
150 196 748 0.000016
151 197 770 0.000018
152 198 830 0.000013
153 199 764 0.000015
154 200 793 0.000015
155 201 1398 0.000087
156 202 757 0.000017
157 203 791 0.000014
158 204 778 0.000014
159 205 754 0.000014
160 206 777 0.000014
161 207 756 0.000018
162 208 766 0.000014
163 210 784 0.000017
164 212 1418 0.000085
165 213 798 0.000016
166 214 795 0.000018
167 215 771 0.000013
168 216 762 0.000014
169 217 807 0.000018
170 218 2213 0.000048
171 221 799 0.000014
172 222 781 0.000018
173 223 782 0.000017
174 224 802 0.000015
175 227 848 0.000017
176 228 189 0.000041
177 229 773 0.000017
178 230 808 0.000014
179 231 800 0.000018
180 232 809 0.000014
181 233 776 0.000015
182 234 2233 0.000047
183 235 775 0.000015
184 236 814 0.000015
185 237 797 0.000018
186 238 789 0.000016
187 239 813 0.000013
188 240 792 0.000013
189 242 787 0.000017
190 243 842 0.000013
191 244 816 0.000015
192 245 835 0.000014
193 246 827 0.000013
194 248 818 0.000014
195 249 790 0.000017
196 250 780 0.000016
197 251 1449 0.000087
198 252 786 0.000015
199 254 834 0.000017
200 255 824 0.000016
201 256 837 0.000018
202 257 826 0.000018
203 260 854 0.000017
204 261 833 0.000017
205 262 872 0.000016
206 263 804 0.000018
207 264 806 0.000017
208 265 803 0.000013
209 266 838 0.000015
210 267 794 0.000019
211 269 796 0.000015
212 270 815 0.000014
213 271 878 0.000014
214 272 841 0.000017
215 273 879 0.000014
216 274 820 0.000014
217 275 844 0.000014
218 278 849 0.000015
219 279 877 0.000014
220 280 857 0.000014
221 282 822 0.000017
222 283 861 0.000018
223 284 926 0.000014
224 286 856 0.000017
225 287 832 0.000016
226 288 864 0.000018
227 289 876 0.000016
228 290 812 0.000018
229 291 211 0.000042
230 292 801 0.000014
231 293 817 0.000018
232 294 862 0.000017
233 295 1460 0.000086
234 296 1508 0.000084
235 297 805 0.000019
236 298 931 0.000017
237 299 295 0.000041
238 301 825 0.000017
239 302 869 0.000015
240 303 859 0.000014
241 304 850 0.000018
242 305 882 0.000016
243 306 901 0.000015
244 308 891 0.000018
245 309 884 0.000014
246 310 903 0.000015
247 311 811 0.000017
248 312 1591 0.000086
249 313 906 0.000017
250 315 1469 0.000088
251 316 823 0.000016
252 317 880 0.000016
253 318 819 0.000017
254 319 890 0.000014
255 320 920 0.000091
256 321 923 0.000013
257 322 898 0.000018
258 326 828 0.000018
259 328 894 0.000015
260 329 358 0.000042
261 330 840 0.000016
262 331 966 0.000016
263 332 847 0.000019
264 333 924 0.000016
265 338 955 0.000015
266 339 831 0.000017
267 340 1564 0.000086
268 341 829 0.000017
269 342 936 0.000014
270 343 919 0.000013
271 344 2261 0.000047
272 345 942 0.000014
273 346 855 0.000013
274 349 991 0.000018
275 350 896 0.000013
276 352 974 0.000014
277 353 839 0.000018
278 354 1595 0.000085
279 355 853 0.000013
280 356 909 0.000016
281 357 852 0.000016
282 359 845 0.000015
283 360 846 0.000017
284 363 928 0.000018
285 366 843 0.000019
286 367 977 0.000013
287 368 940 0.000015
288 369 972 0.000015
289 370 865 0.000016
290 371 943 0.000017
291 373 873 0.000014
292 375 860 0.000012
293 376 994 0.000014
294 378 1543 0.000085
295 379 1031 0.000018
296 380 951 0.000013
297 381 902 0.000016
298 382 962 0.000014
299 383 2344 0.000079
300 384 965 0.000014
301 386 851 0.000016
302 387 956 0.000018
303 388 1002 0.000018
304 390 907 0.000015
305 392 1010 0.000017
306 393 930 0.000014
307 394 1005 0.000013
308 395 915 0.000014
309 396 922 0.000014
310 399 394 0.000041
311 403 886 0.000018
312 404 981 0.000013
313 405 871 0.000014
314 407 927 0.000018
315 408 964 0.000017
316 409 889 0.000016
317 411 1065 0.000018
318 414 971 0.000014
319 419 983 0.000018
320 421 985 0.000014
321 422 993 0.000016
322 424 1034 0.000018
323 427 990 0.000016
324 429 866 0.000015
325 433 1018 0.000019
326 434 911 0.000017
327 435 419 0.000041
328 436 999 0.000016
329 437 932 0.000013
330 438 1004 0.000015
331 439 982 0.000014
332 440 895 0.000016
333 444 1020 0.000016
334 448 941 0.000016
335 449 1806 0.000086
336 451 874 0.000016
337 452 1006 0.000014
338 454 892 0.000016
339 457 1024 0.000016
340 459 444 0.000041
341 461 1073 0.000017
342 463 1053 0.000016
343 468 466 0.000043
344 474 1007 0.000014
345 478 959 0.000017
346 479 1044 0.000013
347 482 872 0.000112
348 484 737 0.000124
349 485 1043 0.000012
350 486 916 0.000018
351 487 1059 0.000015
352 489 1063 0.000015
353 492 1056 0.000015
354 493 1068 0.000013
355 494 1091 0.000014
356 495 1039 0.000015
357 496 881 0.000012
358 497 1042 0.000014
359 500 1093 0.000014
360 501 900 0.000018
361 504 1036 0.000049
362 505 1074 0.000017
363 509 948 0.000016
364 511 1800 0.000087
365 513 970 0.000017
366 518 1852 0.000086
367 524 929 0.000015
368 525 1090 0.000014
369 528 1051 0.000016
370 530 1087 0.000016
371 533 2460 0.000048
372 534 899 0.000017
373 539 1822 0.000086
374 541 1017 0.000016
375 543 2461 0.000048
376 544 945 0.000019
377 546 893 0.000017
378 551 1767 0.000082
379 552 975 0.000014
380 555 939 0.000014
381 556 1741 0.000088
382 559 1888 0.000086
383 560 1081 0.000018
384 562 937 0.000014
385 569 2475 0.000048
386 570 1086 0.000015
387 586 1060 0.000017
388 589 1909 0.000085
389 591 1077 0.000018
390 593 1040 0.000017
391 603 1108 0.000017
392 604 1046 0.000130
393 606 947 0.000015
394 609 1840 0.000088
395 613 995 0.000015
396 614 1932 0.000086
397 615 542 0.000040
398 619 1107 0.000017
399 622 954 0.000015
400 628 1103 0.000014
401 629 944 0.000013
402 630 1076 0.000015
403 635 824 0.000114
404 639 1975 0.000085
405 645 1927 0.000086
406 646 1041 0.000018
407 650 1008 0.000016
408 657 1839 0.000087
409 660 1806 0.000114
410 665 1971 0.000084
411 666 1114 0.000018
412 667 1967 0.000086
413 668 823 0.000121
414 670 1872 0.000086
415 672 1075 0.000016
416 673 1032 0.000016
417 674 1894 0.000087
418 676 2468 0.000050
419 679 1115 0.000015
420 680 989 0.000014
421 683 996 0.000015
422 684 1070 0.000013
423 685 1003 0.000017
424 691 916 0.000063
425 693 1019 0.000015
426 701 1745 0.000087
427 704 544 0.000042
428 710 1938 0.000085
429 714 987 0.000017
430 715 980 0.000018
431 716 1964 0.000085
432 718 1084 0.000014
433 725 1116 0.000014
434 727 1035 0.000017
435 729 1023 0.000016
436 730 1058 0.000014
437 731 1016 0.000014
438 734 1072 0.000014
439 735 1770 0.000086
440 737 1907 0.000086
441 761 531 0.000041
442 767 1113 0.000014
443 774 1052 0.000016
444 782 1085 0.000017
445 783 1102 0.000014
446 796 1117 0.000012
447 801 1037 0.000015
448 802 1838 0.000090
449 848 2001 0.000087
