0 4 1149 0.000032
1 5 1098 0.000035
2 6 1090 0.000038
3 7 1092 0.000036
4 8 1091 0.000038
5 9 1093 0.000031
6 10 1097 0.000037
7 11 1096 0.000034
8 12 1095 0.000038
9 13 1104 0.000034
10 14 1094 0.000035
11 15 1102 0.000032
12 16 1100 0.000034
13 17 1107 0.000037
14 18 1099 0.000036
15 19 1103 0.000032
16 20 1101 0.000037
17 21 2418 0.000015
18 22 1108 0.000033
19 23 1106 0.000033
20 24 1111 0.000035
21 25 1114 0.000035
22 26 1109 0.000033
23 27 1117 0.000030
24 28 1112 0.000038
25 29 1105 0.000033
26 30 1116 0.000033
27 31 1119 0.000035
28 32 1113 0.000037
29 33 1110 0.000035
30 34 1131 0.000032
31 35 1126 0.000038
32 36 1120 0.000038
33 37 1121 0.000035
34 38 1123 0.000036
35 39 1124 0.000033
36 40 1118 0.000033
37 41 1122 0.000036
38 42 1136 0.000031
39 43 1129 0.000035
40 44 1134 0.000031
41 45 1125 0.000034
42 46 1128 0.000031
43 47 1109 0.000019
44 48 1133 0.000036
45 49 1139 0.000032
46 50 1135 0.000033
47 51 1137 0.000035
48 52 1141 0.000034
49 53 1138 0.000034
50 54 1140 0.000034
51 55 1146 0.000036
52 56 1142 0.000034
53 57 1144 0.000035
54 58 1145 0.000034
55 59 1232 0.000028
56 60 1154 0.000035
57 61 1151 0.000035
58 62 1143 0.000034
59 63 1147 0.000038
60 64 1148 0.000036
61 65 1152 0.000031
62 66 1159 0.000037
63 67 1160 0.000034
64 68 1150 0.000032
65 69 1155 0.000037
66 71 1157 0.000036
67 72 1163 0.000032
68 73 1158 0.000036
69 74 1164 0.000033
70 75 1162 0.000035
71 76 1161 0.000033
72 77 1175 0.000029
73 78 1156 0.000035
74 79 1169 0.000030
75 80 1180 0.000037
76 81 1167 0.000037
77 82 1166 0.000036
78 83 1188 0.000037
79 84 1171 0.000035
80 85 1181 0.000038
81 86 1173 0.000033
82 87 1172 0.000032
83 88 1189 0.000035
84 89 1178 0.000037
85 90 1176 0.000034
86 91 1185 0.000036
87 92 1174 0.000035
88 93 1177 0.000032
89 94 1186 0.000032
90 95 1192 0.000038
91 96 1183 0.000035
92 97 59 0.000044
93 98 2419 0.000015
94 99 1191 0.000033
95 100 1201 0.000036
96 101 1216 0.000031
97 102 2420 0.000030
98 103 1187 0.000035
99 104 1206 0.000034
100 105 1200 0.000030
101 106 1202 0.000036
102 107 1211 0.000038
103 108 1204 0.000035
104 109 1193 0.000030
105 110 1194 0.000028
106 111 1199 0.000032
107 112 1203 0.000032
108 113 1207 0.000032
109 114 1210 0.000032
110 115 1190 0.000033
111 116 1205 0.000039
112 117 1198 0.000035
113 118 1196 0.000035
114 119 1197 0.000038
115 120 1209 0.000038
116 121 1215 0.000034
117 122 1212 0.000037
118 123 1208 0.000032
119 124 1217 0.000035
120 125 1214 0.000031
121 126 1213 0.000037
122 127 1219 0.000036
123 128 1218 0.000035
124 129 1231 0.000035
125 130 1225 0.000033
126 133 1232 0.000032
127 134 1235 0.000036
128 135 1240 0.000034
129 136 1237 0.000037
130 138 1234 0.000031
131 139 1242 0.000035
132 140 1245 0.000033
133 142 1250 0.000034
134 146 1257 0.000032
135 150 1252 0.000032
136 152 1255 0.000035
137 154 1793 0.000133
138 156 1262 0.000034
139 165 2431 0.000012
140 166 1247 0.000034
141 173 1251 0.000030
142 176 1249 0.000031
143 183 1258 0.000033
144 186 708 0.000038
145 188 1274 0.000038
146 190 1265 0.000036
147 191 1256 0.000033
148 192 1263 0.000038
149 193 1270 0.000033
150 194 1361 0.000035
151 196 1259 0.000031
152 197 1260 0.000035
153 198 2426 0.000009
154 203 706 0.000036
155 206 1370 0.000031
156 207 203 0.000016
157 209 1314 0.000033
158 211 1303 0.000038
159 213 1286 0.000033
160 214 1273 0.000034
161 217 1301 0.000035
162 218 2446 0.000029
163 219 1283 0.000032
164 220 2425 0.000029
165 222 123 0.000043
166 223 1302 0.000031
167 224 1325 0.000033
168 225 1288 0.000036
169 226 710 0.000037
170 227 1280 0.000035
171 228 1328 0.000032
172 229 2440 0.000013
173 230 1268 0.000034
174 231 1271 0.000031
175 233 1295 0.000031
176 234 2429 0.000006
177 235 1279 0.000033
178 236 1318 0.000038
179 238 1261 0.000038
180 241 1307 0.000036
181 242 2421 0.000029
182 243 1299 0.000037
183 245 1300 0.000031
184 246 788 0.000038
185 247 753 0.000038
186 248 1319 0.000034
187 249 2428 0.000004
188 250 1393 0.000012
189 251 1323 0.000035
190 252 1282 0.000033
191 253 1266 0.000041
192 254 1327 0.000037
193 255 2442 0.000008
194 256 1277 0.000033
195 258 1316 0.000033
196 259 1267 0.000031
197 260 2436 0.000010
198 261 1278 0.000031
199 262 1293 0.000034
200 263 1296 0.000030
201 264 2424 0.000012
202 265 739 0.000036
203 268 1332 0.000037
204 269 1272 0.000032
205 270 1388 0.000032
206 273 729 0.000036
207 274 1343 0.000036
208 275 1347 0.000038
209 276 1346 0.000034
210 277 1285 0.000033
211 278 203 0.000044
212 279 1312 0.000033
213 280 1345 0.000036
214 281 2430 0.000011
215 282 1353 0.000030
216 283 1281 0.000034
217 284 1289 0.000034
218 285 2427 0.000011
219 286 2443 0.000029
220 287 1310 0.000034
221 288 1366 0.000030
222 289 1375 0.000035
223 290 1365 0.000035
224 292 1298 0.000035
225 293 2435 0.000030
226 294 1294 0.000031
227 295 1313 0.000032
228 297 2444 0.000010
229 298 1368 0.000030
230 299 1338 0.000031
231 300 1399 0.000036
232 301 1290 0.000034
233 302 1428 0.000038
234 303 1311 0.000031
235 304 1287 0.000032
236 306 1373 0.000033
237 307 731 0.000036
238 308 1309 0.000033
239 309 1397 0.000032
240 310 1359 0.000039
241 311 1382 0.000035
242 313 2447 0.000028
243 314 2479 0.000027
244 315 1430 0.000040
245 316 2451 0.000028
246 317 767 0.000038
247 318 1363 0.000034
248 319 1394 0.000037
249 320 2434 0.000010
250 322 2432 0.000009
251 323 2452 0.000029
252 324 2454 0.000007
253 325 1418 0.000033
254 326 1329 0.000032
255 327 1414 0.000036
256 328 1340 0.000028
257 329 1386 0.000031
258 330 2456 0.000014
259 331 1408 0.000031
260 332 2438 0.000029
261 333 2457 0.000009
262 334 1429 0.000029
263 335 2458 0.000029
264 336 1364 0.000032
265 337 1334 0.000032
266 338 1446 0.000031
267 339 1369 0.000036
268 340 1419 0.000035
269 341 1339 0.000037
270 342 1349 0.000030
271 343 1342 0.000031
272 344 1438 0.000030
273 345 2439 0.000006
274 346 1378 0.000038
275 347 1348 0.000035
276 348 1354 0.000031
277 349 1425 0.000033
278 350 1352 0.000033
279 351 1341 0.000036
280 352 1427 0.000036
281 353 1395 0.000032
282 354 1351 0.000032
283 355 1336 0.000033
284 356 1432 0.000034
285 358 2464 0.000027
286 359 1441 0.000033
287 360 2461 0.000008
288 361 1426 0.000031
289 362 1350 0.000034
290 364 2460 0.000010
291 365 1357 0.000029
292 366 2449 0.000030
293 367 1381 0.000031
294 368 1358 0.000033
295 369 2484 0.000008
296 370 2455 0.000010
297 371 1421 0.000030
298 372 1367 0.000031
299 374 1503 0.000033
300 376 1532 0.000032
301 378 1436 0.000032
302 379 187 0.000044
303 382 1452 0.000035
304 383 1449 0.000032
305 384 2471 0.000005
306 385 1458 0.000033
307 386 2486 0.000029
308 387 1360 0.000036
309 388 1402 0.000034
310 389 1387 0.000033
311 390 221 0.000045
312 391 1406 0.000035
313 392 2459 0.000013
314 393 2485 0.000009
315 395 2501 0.000007
316 396 1372 0.000033
317 397 1420 0.000037
318 398 2448 0.000029
319 399 2450 0.000029
320 400 2473 0.000028
321 401 1371 0.000033
322 402 1380 0.000035
323 403 1413 0.000038
324 404 1464 0.000035
325 406 1484 0.000035
326 408 1502 0.000032
327 410 1466 0.000031
328 411 2445 0.000005
329 412 1455 0.000034
330 413 1389 0.000038
331 414 2475 0.000029
332 416 2491 0.000028
333 417 2474 0.000008
334 418 1422 0.000036
335 420 1412 0.000035
336 421 1437 0.000038
337 422 1493 0.000034
338 423 1487 0.000035
339 424 1415 0.000031
340 426 2467 0.000029
341 427 1411 0.000032
342 428 1435 0.000034
343 429 1525 0.000035
344 430 1465 0.000035
345 431 256 0.000045
346 432 2502 0.000028
347 433 1529 0.000038
348 434 1396 0.000031
349 435 1501 0.000031
350 436 1510 0.000034
351 437 1460 0.000032
352 438 1407 0.000034
353 439 2483 0.000028
354 440 1483 0.000032
355 441 1512 0.000038
356 442 1559 0.000032
357 443 1454 0.000034
358 444 1516 0.000033
359 445 1580 0.000031
360 447 1398 0.000037
361 448 1457 0.000031
362 449 1459 0.000033
363 450 1544 0.000030
364 451 871 0.000113
365 452 1434 0.000030
366 453 1417 0.000033
367 454 2490 0.000029
368 456 1528 0.000036
369 457 1424 0.000038
370 458 1423 0.000033
371 459 1440 0.000032
372 460 1595 0.000033
373 461 1566 0.000035
374 464 2508 0.000027
375 465 2465 0.000030
376 466 1546 0.000036
377 467 1521 0.000037
378 468 2492 0.000010
379 469 206 0.000045
380 470 293 0.000045
381 471 1616 0.000034
382 472 1463 0.000036
383 474 1433 0.000032
384 475 1562 0.000030
385 476 1485 0.000033
386 477 1492 0.000037
387 478 1444 0.000032
388 479 1608 0.000031
389 480 1445 0.000031
390 481 1508 0.000034
391 482 1571 0.000036
392 483 1431 0.000032
393 486 865 0.000037
394 487 2462 0.000028
395 489 2463 0.000029
396 490 1481 0.000031
397 491 2511 0.000007
398 493 2470 0.000028
399 495 1583 0.000031
400 496 2496 0.000028
401 497 848 0.000038
402 499 1602 0.000033
403 500 2504 0.000028
404 501 1735 0.000031
405 502 2495 0.000029
406 504 1480 0.000035
407 506 2468 0.000012
408 507 1582 0.000040
409 508 2518 0.000010
410 509 1442 0.000031
411 510 1612 0.000031
412 511 1476 0.000021
413 512 1504 0.000034
414 513 1494 0.000035
415 514 1644 0.000037
416 515 1594 0.000036
417 516 2513 0.000029
418 517 1522 0.000039
419 518 1543 0.000032
420 519 368 0.000044
421 521 1515 0.000033
422 522 331 0.000045
423 523 1518 0.000031
424 524 1461 0.000031
425 525 1643 0.000033
426 526 1450 0.000032
427 527 1469 0.000035
428 528 1618 0.000032
429 529 2466 0.000028
430 531 2509 0.000028
431 532 1615 0.000031
432 533 1623 0.000035
433 534 2469 0.000029
434 535 1685 0.000035
435 536 1674 0.000030
436 537 1505 0.000033
437 539 1456 0.000032
438 540 1472 0.000038
439 541 1507 0.000035
440 542 2522 0.000009
441 545 2480 0.000017
442 546 2477 0.000029
443 547 1669 0.000031
444 548 1567 0.000035
445 549 1624 0.000036
446 550 1637 0.000033
447 551 1474 0.000031
448 552 2506 0.000029
449 553 1628 0.000030
450 554 2498 0.000008
451 555 1659 0.000033
452 556 2516 0.000008
453 557 2515 0.000028
454 558 1691 0.000037
455 560 1482 0.000035
456 561 2507 0.000009
457 562 2476 0.000027
458 563 1633 0.000031
459 564 2500 0.000013
460 565 1497 0.000034
461 566 1745 0.000032
462 567 968 0.000037
463 569 2523 0.000028
464 570 2487 0.000007
465 571 2521 0.000029
466 572 1695 0.000035
467 573 1509 0.000037
468 574 2489 0.000029
469 576 2527 0.000029
470 578 1601 0.000039
471 579 918 0.000038
472 580 1708 0.000035
473 581 2499 0.000028
474 582 1689 0.000033
475 584 2482 0.000030
476 585 1561 0.000034
477 587 1654 0.000030
478 588 2481 0.000028
479 590 1719 0.000034
480 591 1744 0.000032
481 592 1477 0.000039
482 593 1662 0.000033
483 595 1605 0.000037
484 596 2478 0.000006
485 597 1750 0.000034
486 598 1621 0.000033
487 600 2526 0.000005
488 602 2520 0.000028
489 604 2524 0.000029
490 605 1694 0.000031
491 607 1703 0.000039
492 608 1548 0.000035
493 609 1524 0.000039
494 610 1684 0.000037
495 611 1727 0.000037
496 612 1749 0.000034
497 613 1541 0.000034
498 614 1723 0.000037
499 615 928 0.000037
500 616 1365 0.000069
501 617 1538 0.000036
502 618 1710 0.000033
503 619 1526 0.000034
504 620 1520 0.000032
505 621 1705 0.000036
506 626 1716 0.000032
507 627 2493 0.000005
508 629 1600 0.000032
509 630 1585 0.000034
510 631 1725 0.000034
511 632 1570 0.000034
512 634 2530 0.000028
513 636 1500 0.000032
514 637 1647 0.000030
515 638 1686 0.000032
516 639 1741 0.000035
517 641 2517 0.000028
518 642 1715 0.000033
519 643 1756 0.000029
520 646 1572 0.000031
521 647 1851 0.000032
522 648 1527 0.000032
523 649 2533 0.000010
524 650 2494 0.000029
525 651 2525 0.000031
526 652 1772 0.000035
527 653 1733 0.000033
528 654 1598 0.000031
529 655 1739 0.000033
530 656 1713 0.000034
531 657 1671 0.000037
532 658 1530 0.000036
533 659 1743 0.000031
534 660 2537 0.000029
535 663 2534 0.000008
536 664 1769 0.000038
537 665 2540 0.000010
538 666 2552 0.000010
539 667 2538 0.000028
540 668 1545 0.000032
541 670 2551 0.000010
542 671 1607 0.000035
543 673 456 0.000044
544 674 2541 0.000011
545 675 1630 0.000033
546 677 1635 0.000031
547 678 391 0.000044
548 679 2488 0.000018
549 680 1726 0.000037
550 682 1569 0.000039
551 683 1680 0.000033
552 684 1776 0.000038
553 685 1774 0.000034
554 687 2542 0.000028
555 688 1728 0.000031
556 689 1636 0.000036
557 690 1871 0.000034
558 691 1850 0.000032
559 692 1564 0.000038
560 693 1778 0.000037
561 694 2503 0.000005
562 695 1812 0.000038
563 696 468 0.000044
564 697 1807 0.000039
565 698 1802 0.000031
566 700 1783 0.000036
567 701 2497 0.000029
568 702 1653 0.000035
569 703 448 0.000043
570 704 1780 0.000037
571 705 1805 0.000032
572 706 1738 0.000036
573 707 1770 0.000033
574 709 2547 0.000007
575 710 1690 0.000038
576 711 1793 0.000034
577 712 1668 0.000039
578 713 1828 0.000033
579 714 1645 0.000032
580 715 1748 0.000039
581 716 1667 0.000036
582 717 1701 0.000035
583 718 1557 0.000035
584 719 1810 0.000036
585 722 1814 0.000038
586 724 1840 0.000033
587 725 1796 0.000037
588 727 1799 0.000032
589 728 486 0.000044
590 729 653 0.000126
591 730 2519 0.000008
592 731 2548 0.000006
593 732 1574 0.000032
594 734 2510 0.000013
595 737 1829 0.000033
596 738 1811 0.000037
597 739 1832 0.000033
598 740 1681 0.000033
599 741 1822 0.000033
600 742 1414 0.000038
601 745 1632 0.000033
602 746 1717 0.000037
603 747 1831 0.000034
604 749 1757 0.000034
605 750 1588 0.000030
606 751 1593 0.000033
607 754 1734 0.000030
608 755 1836 0.000036
609 757 1784 0.000031
610 758 1683 0.000036
611 760 461 0.000044
612 762 2472 0.000005
613 763 1806 0.000035
614 765 1835 0.000039
615 766 492 0.000044
616 769 1614 0.000034
617 772 1785 0.000031
618 773 1596 0.000033
619 774 939 0.000037
620 777 896 0.000036
621 778 1858 0.000037
622 779 2554 0.000029
623 781 2549 0.000028
624 782 1859 0.000030
625 783 1826 0.000036
626 784 1855 0.000030
627 786 1894 0.000034
628 787 2514 0.000013
629 788 1901 0.000038
630 789 1731 0.000030
631 792 1035 0.000036
632 794 1794 0.000038
633 796 1843 0.000107
634 798 1853 0.000039
635 802 1693 0.000039
636 803 1765 0.000039
637 804 1897 0.000038
638 807 1660 0.000034
639 810 1823 0.000031
640 811 1798 0.000036
641 812 488 0.000042
642 815 1761 0.000035
643 817 1891 0.000034
644 818 1889 0.000032
645 820 2558 0.000007
646 821 1732 0.000062
647 822 1707 0.000035
648 823 1730 0.000032
649 824 2561 0.000029
650 825 1718 0.000030
651 826 1886 0.000033
652 829 1820 0.000037
653 833 1878 0.000032
654 835 1702 0.000033
655 839 1631 0.000033
656 840 1687 0.000036
657 842 528 0.000045
658 844 2562 0.000028
659 845 524 0.000043
660 847 1808 0.000036
661 848 1931 0.000035
662 850 1824 0.000038
663 852 1782 0.000035
664 854 1911 0.000030
665 855 1672 0.000039
666 856 1827 0.000034
667 860 1819 0.000030
668 861 1711 0.000032
669 862 1706 0.000029
670 865 1864 0.000038
671 866 1890 0.000038
672 871 2559 0.000028
673 873 1837 0.000036
674 874 1845 0.000035
675 879 2556 0.000030
676 880 2545 0.000012
677 881 2531 0.000013
678 883 1825 0.000032
679 884 1906 0.000033
680 885 1910 0.000032
681 887 2560 0.000009
682 888 1833 0.000036
683 891 1700 0.000032
684 892 1696 0.000039
685 897 1768 0.000032
686 900 1847 0.000032
687 901 1905 0.000036
688 902 1843 0.000032
689 904 1925 0.000037
690 906 1699 0.000032
691 910 1852 0.000036
692 913 1773 0.000035
693 916 1882 0.000036
694 921 1803 0.000036
695 923 1759 0.000032
696 927 1884 0.000032
697 928 1865 0.000032
698 930 1886 0.000063
699 931 2555 0.000008
700 932 1737 0.000036
701 933 1841 0.000037
702 937 1939 0.000034
703 940 2535 0.000007
704 941 1919 0.000034
705 943 465 0.000044
706 946 1848 0.000038
707 950 1872 0.000038
708 951 2532 0.000029
709 953 1846 0.000032
710 954 1821 0.000035
711 956 1834 0.000037
712 957 1923 0.000034
713 958 1930 0.000036
714 959 1902 0.000038
715 961 1885 0.000033
716 963 1943 0.000036
717 964 1932 0.000031
718 969 1888 0.000036
719 970 1754 0.000036
720 978 1935 0.000033
721 980 2557 0.000011
722 984 1844 0.000038
723 985 1912 0.000035
724 986 1933 0.000034
725 988 2553 0.000028
726 989 1892 0.000035
727 990 1854 0.000036
728 994 1857 0.000031
729 995 1940 0.000032
730 998 1909 0.000033
731 1000 1899 0.000033
732 1005 1929 0.000036
733 1010 1913 0.000037
734 1013 1830 0.000031
735 1014 1941 0.000034
736 1028 1918 0.000034
737 1032 239 0.000103
738 1034 1915 0.000106
739 1035 1927 0.000037
740 1037 1862 0.000036
741 1038 1926 0.000034
742 1040 1898 0.000031
743 1047 1921 0.000031
