0 0 2142 0.000098
1 1 2064 0.000064
2 2 1949 0.000042
3 3 2056 0.000065
4 4 1950 0.000042
5 5 2040 0.000015
6 6 1951 0.000039
7 7 2045 0.000011
8 9 1955 0.000044
9 10 1954 0.000040
10 11 1964 0.000045
11 12 1952 0.000040
12 13 1957 0.000034
13 14 1956 0.000047
14 15 1968 0.000036
15 16 1962 0.000042
16 17 1979 0.000042
17 18 1967 0.000046
18 19 1960 0.000050
19 20 1961 0.000036
20 21 1963 0.000046
21 22 1958 0.000038
22 23 1975 0.000047
23 24 1981 0.000046
24 25 1959 0.000037
25 26 1974 0.000037
26 27 1995 0.000038
27 28 1972 0.000042
28 29 1970 0.000044
29 30 1969 0.000038
30 31 2007 0.000036
31 32 1978 0.000048
32 33 1984 0.000040
33 34 1999 0.000032
34 35 1973 0.000038
35 36 1976 0.000036
36 37 1977 0.000048
37 38 1983 0.000038
38 39 1986 0.000037
39 40 1991 0.000035
40 41 1987 0.000038
41 42 1989 0.000040
42 43 1992 0.000046
43 44 1982 0.000044
44 45 1980 0.000040
45 46 1966 0.000045
46 47 1985 0.000035
47 49 1993 0.000041
48 50 1990 0.000040
49 51 1996 0.000040
50 52 2000 0.000039
51 53 1998 0.000039
52 54 2002 0.000042
53 55 1988 0.000045
54 56 2010 0.000045
55 57 2001 0.000039
56 58 2012 0.000038
57 59 2013 0.000037
58 60 1994 0.000038
59 61 2005 0.000044
60 62 2008 0.000041
61 63 2011 0.000046
62 64 2029 0.000031
63 65 2004 0.000045
64 66 2009 0.000040
65 67 2032 0.000049
66 68 2024 0.000044
67 69 2015 0.000042
68 70 2016 0.000038
69 71 2021 0.000039
70 72 2018 0.000046
71 73 2020 0.000043
72 74 2014 0.000039
73 75 2036 0.000035
74 76 2022 0.000038
75 77 2026 0.000041
76 78 2028 0.000036
77 79 2027 0.000044
78 80 2070 0.000036
79 81 2042 0.000037
80 82 2033 0.000043
81 83 2034 0.000047
82 84 2037 0.000042
83 85 2044 0.000037
84 86 2049 0.000034
85 87 2048 0.000040
86 89 2043 0.000037
87 90 2056 0.000053
88 91 2062 0.000037
89 92 2051 0.000042
90 93 2055 0.000036
91 94 2052 0.000037
92 95 2057 0.000044
93 96 2053 0.000047
94 98 2054 0.000044
95 99 2010 0.000036
96 100 2058 0.000040
97 101 2066 0.000045
98 102 2073 0.000032
99 105 2076 0.000036
100 108 2178 0.000009
101 112 2078 0.000047
102 113 2074 0.000038
103 117 2245 0.000088
104 119 2087 0.000041
105 122 2077 0.000047
106 126 111 0.000074
107 127 2083 0.000040
108 128 2181 0.000004
109 129 2100 0.000039
110 130 2097 0.000034
111 131 2088 0.000039
112 132 2080 0.000040
113 133 2090 0.000038
114 134 2103 0.000042
115 135 2137 0.000042
116 136 2091 0.000047
117 137 2086 0.000035
118 139 2081 0.000045
119 140 2085 0.000044
120 141 2082 0.000045
121 142 2098 0.000037
122 143 2092 0.000048
123 145 712 0.000065
124 146 2105 0.000044
125 147 2093 0.000044
126 148 2128 0.000051
127 149 2108 0.000041
128 150 729 0.000064
129 151 2124 0.000041
130 152 2109 0.000046
131 154 2118 0.000038
132 155 2101 0.000047
133 156 2133 0.000043
134 157 2121 0.000050
135 158 2135 0.000044
136 159 137 0.000074
137 160 2122 0.000044
138 161 2096 0.000048
139 162 140 0.000077
140 163 2102 0.000039
141 164 2127 0.000044
142 165 2180 0.000040
143 166 2104 0.000037
144 167 2099 0.000043
145 168 2141 0.000040
146 169 2321 0.000004
147 170 2111 0.000048
148 172 2112 0.000044
149 173 2139 0.000044
150 174 2143 0.000039
151 175 2115 0.000044
152 176 2190 0.000045
153 177 2161 0.000039
154 179 2113 0.000040
155 180 2169 0.000049
156 181 2119 0.000035
157 184 2120 0.000039
158 185 2117 0.000037
159 186 2163 0.000042
160 187 2173 0.000042
161 188 2116 0.000038
162 189 2152 0.000040
163 190 2107 0.000046
164 191 2156 0.000038
165 192 2125 0.000044
166 193 2171 0.000042
167 194 2132 0.000041
168 196 2110 0.000047
169 197 2194 0.000047
170 198 2164 0.000036
171 199 171 0.000076
172 200 2144 0.000042
173 201 2149 0.000039
174 202 184 0.000074
175 203 2177 0.000044
176 204 2130 0.000037
177 205 2129 0.000041
178 206 2187 0.000045
179 207 2210 0.000036
180 209 2174 0.000040
181 210 2136 0.000042
182 211 2142 0.000060
183 212 2157 0.000041
184 214 2191 0.000038
185 215 2134 0.000040
186 217 824 0.000065
187 218 2205 0.000036
188 221 2229 0.000042
189 222 2231 0.000037
190 223 2200 0.000048
191 224 2264 0.000041
192 225 2168 0.000048
193 226 2204 0.000043
194 228 2260 0.000043
195 229 2224 0.000040
196 230 2239 0.000049
197 231 2220 0.000044
198 232 2222 0.000036
199 233 2193 0.000040
200 235 2213 0.000036
201 236 2255 0.000037
202 237 798 0.000069
203 238 2238 0.000036
204 239 2159 0.000045
205 241 2252 0.000043
206 242 2153 0.000037
207 243 2175 0.000046
208 245 2166 0.000049
209 247 2154 0.000040
210 248 2209 0.000043
211 249 2183 0.000045
212 250 2160 0.000038
213 251 2201 0.000042
214 252 2266 0.000046
215 253 2165 0.000046
216 254 2195 0.000039
217 255 2295 0.000037
218 256 2189 0.000038
219 257 2186 0.000038
220 258 2248 0.000040
221 259 2176 0.000041
222 260 2199 0.000036
223 261 2262 0.000038
224 262 2185 0.000047
225 263 2261 0.000047
226 264 2206 0.000047
227 265 2259 0.000042
228 266 2273 0.000043
229 267 2170 0.000044
230 268 2289 0.000041
231 270 2203 0.000037
232 271 2263 0.000048
233 272 2262 0.000025
234 273 2265 0.000045
235 274 2179 0.000049
236 276 2245 0.000042
237 279 2267 0.000060
238 280 2290 0.000047
239 281 2276 0.000040
240 282 2280 0.000037
241 283 2196 0.000044
242 284 394 0.000077
243 285 2300 0.000043
244 287 2360 0.000047
245 290 947 0.000064
246 293 2208 0.000046
247 297 2235 0.000036
248 298 2309 0.000047
249 299 2202 0.000045
250 300 2305 0.000036
251 301 2226 0.000046
252 302 2318 0.000041
253 303 2333 0.000047
254 307 2326 0.000037
255 309 2302 0.000040
256 310 2236 0.000047
257 311 2242 0.000043
258 313 2241 0.000045
259 314 2336 0.000044
260 318 2320 0.000044
261 319 2258 0.000039
262 320 2315 0.000045
263 321 2212 0.000037
264 322 2325 0.000040
265 323 2223 0.000041
266 325 942 0.000071
267 326 2332 0.000040
268 327 2334 0.000041
269 328 2324 0.000040
270 329 2358 0.000079
271 332 392 0.000076
272 333 2249 0.000044
273 335 2247 0.000044
274 339 2306 0.000045
275 340 2207 0.000042
276 343 2214 0.000036
277 344 2237 0.000042
278 345 2367 0.000037
279 348 2363 0.000045
280 349 2350 0.000047
281 352 2230 0.000043
282 353 2365 0.000039
283 355 2232 0.000038
284 356 2225 0.000042
285 357 2380 0.000037
286 360 2374 0.000037
287 364 2216 0.000043
288 367 2353 0.000045
289 369 2356 0.000043
290 371 2364 0.000043
291 373 2372 0.000042
292 376 2369 0.000046
293 378 980 0.000064
294 380 2270 0.000042
295 381 329 0.000074
296 386 2384 0.000046
297 387 2281 0.000038
298 390 2286 0.000043
299 391 2227 0.000046
300 393 2382 0.000037
301 396 2393 0.000044
302 397 2327 0.000038
303 398 2301 0.000037
304 399 2272 0.000038
305 400 2254 0.000043
306 404 2303 0.000042
307 406 427 0.000077
308 407 2322 0.000045
309 414 2271 0.000046
310 418 2246 0.000043
311 423 481 0.000077
312 428 2371 0.000039
313 432 2349 0.000040
314 437 362 0.000074
315 440 496 0.000073
316 445 2359 0.000036
317 446 1039 0.000073
318 448 2385 0.000039
319 451 2361 0.000047
320 452 2316 0.000037
321 455 2396 0.000046
322 459 526 0.000073
323 460 2339 0.000045
324 464 2335 0.000046
325 465 2268 0.000043
326 470 462 0.000072
327 473 534 0.000071
328 476 2355 0.000047
329 477 477 0.000074
330 480 2378 0.000039
331 484 530 0.000052
332 485 478 0.000072
333 488 2389 0.000038
334 491 2319 0.000035
335 493 781 0.000094
336 494 2307 0.000039
337 498 2366 0.000045
338 499 2331 0.000047
339 504 2386 0.000044
340 506 2230 0.000133
341 508 530 0.000075
342 509 2373 0.000046
343 513 2337 0.000041
344 516 2330 0.000038
345 521 2402 0.000042
346 533 996 0.000064
347 534 2399 0.000037
348 537 2323 0.000041
349 565 2399 0.000106
350 569 2408 0.000046
