0 49 2465 0.000060
1 71 2273 0.000094
2 76 698 0.000096
3 82 1501 0.000106
4 120 1395 0.000093
5 208 755 0.000090
6 237 844 0.000137
7 259 1196 0.000096
8 268 588 0.000084
9 273 1741 0.000091
10 342 848 0.000137
11 357 1105 0.000041
12 381 811 0.000087
13 386 837 0.000138
14 488 1040 0.000039
15 542 2289 0.000078
16 571 1046 0.000036
17 599 693 0.000071
18 615 822 0.000133
19 642 2341 0.000087
20 652 833 0.000043
21 665 470 0.000020
22 727 1591 0.000122
23 728 1514 0.000098
24 759 1767 0.000082
25 862 890 0.000073
26 867 836 0.000139
27 961 1547 0.000032
28 1008 1025 0.000138
29 1083 870 0.000096
