0 0 2184 0.000058
1 1 2064 0.000041
2 2 2056 0.000033
3 3 1949 0.000066
4 4 1950 0.000068
5 5 2040 0.000092
6 6 2070 0.000046
7 7 1952 0.000070
8 9 564 0.000057
9 10 1953 0.000064
10 11 1954 0.000063
11 12 1955 0.000066
12 13 1964 0.000066
13 14 1968 0.000064
14 15 1967 0.000066
15 16 2084 0.000048
16 17 1965 0.000065
17 18 1959 0.000064
18 19 1981 0.000073
19 20 1958 0.000065
20 21 1961 0.000064
21 22 1972 0.000068
22 23 1970 0.000067
23 24 1984 0.000069
24 25 1975 0.000064
25 26 1974 0.000064
26 27 1956 0.000069
27 28 1971 0.000067
28 29 1995 0.000063
29 30 1966 0.000066
30 31 1976 0.000065
31 33 1982 0.000067
32 34 1963 0.000063
33 35 1973 0.000064
34 36 1999 0.000066
35 37 2007 0.000047
36 39 1986 0.000064
37 40 603 0.000055
38 41 1997 0.000065
39 42 1992 0.000064
40 43 1983 0.000063
41 44 1993 0.000063
42 45 1978 0.000069
43 46 1988 0.000066
44 47 1998 0.000063
45 48 2006 0.000067
46 49 1987 0.000064
47 50 1985 0.000066
48 51 2002 0.000062
49 52 2003 0.000066
50 53 1990 0.000061
51 54 1994 0.000064
52 55 2004 0.000065
53 56 2061 0.000040
54 57 2005 0.000066
55 58 2024 0.000066
56 59 2001 0.000064
57 60 2013 0.000065
58 61 1996 0.000063
59 63 2014 0.000064
60 64 2015 0.000068
61 65 2008 0.000064
62 66 2022 0.000064
63 67 2009 0.000064
64 68 2016 0.000065
65 69 2567 0.000055
66 70 2029 0.000068
67 71 2021 0.000063
68 72 2028 0.000065
69 73 2018 0.000066
70 74 1952 0.000056
71 75 2032 0.000060
72 76 2023 0.000067
73 77 2017 0.000065
74 78 2030 0.000068
75 79 2026 0.000064
76 81 2039 0.000063
77 82 2025 0.000064
78 84 2031 0.000064
79 85 2027 0.000063
80 87 74 0.000024
81 88 2041 0.000066
82 89 2042 0.000065
83 90 2043 0.000065
84 91 2034 0.000061
85 92 2037 0.000065
86 93 2044 0.000065
87 94 2038 0.000067
88 95 2047 0.000066
89 96 2049 0.000067
90 97 2033 0.000064
91 100 2062 0.000061
92 101 2050 0.000065
93 103 2051 0.000063
94 107 2059 0.000067
95 108 2068 0.000068
96 110 2055 0.000063
97 112 2052 0.000063
98 118 2054 0.000063
99 120 702 0.000059
100 126 2073 0.000066
101 141 629 0.000075
102 148 2076 0.000066
103 149 2178 0.000095
104 164 2078 0.000065
105 167 2074 0.000064
106 170 2079 0.000065
107 178 2095 0.000067
108 181 2087 0.000074
109 187 2077 0.000063
110 196 709 0.000056
111 197 715 0.000057
112 198 2089 0.000067
113 204 2083 0.000064
114 205 2100 0.000063
115 207 2088 0.000064
116 209 111 0.000022
117 210 122 0.000026
118 213 2080 0.000065
119 214 167 0.000027
120 216 2097 0.000067
121 220 2091 0.000064
122 221 749 0.000060
123 224 2103 0.000075
124 226 2082 0.000075
125 229 2081 0.000074
126 230 712 0.000055
127 232 2085 0.000074
128 236 117 0.000024
129 239 2092 0.000068
130 240 2098 0.000066
131 241 720 0.000060
132 242 2137 0.000078
133 248 2093 0.000078
134 250 2128 0.000062
135 251 2105 0.000065
136 253 745 0.000062
137 255 758 0.000060
138 258 2101 0.000068
139 259 195 0.000023
140 261 2414 0.000022
141 262 2135 0.000065
142 265 2106 0.000069
143 266 127 0.000024
144 267 176 0.000023
145 270 2121 0.000061
146 273 140 0.000023
147 274 2122 0.000074
148 275 2118 0.000064
149 277 2138 0.000068
150 278 2096 0.000064
151 279 141 0.000022
152 281 137 0.000024
153 285 2127 0.000074
154 288 2595 0.000068
155 290 142 0.000023
156 291 735 0.000057
157 292 2099 0.000062
158 294 2111 0.000070
159 297 144 0.000023
160 298 191 0.000024
161 300 2112 0.000077
162 302 2131 0.000071
163 303 2158 0.000073
164 304 2001 0.000138
165 308 2143 0.000070
166 311 2169 0.000064
167 312 769 0.000122
168 314 2162 0.000065
169 315 748 0.000060
170 316 2589 0.000054
171 318 160 0.000023
172 321 750 0.000058
173 323 2114 0.000068
174 324 752 0.000054
175 325 2116 0.000072
176 326 2190 0.000060
177 327 795 0.000055
178 329 159 0.000025
179 330 2173 0.000078
180 333 792 0.000052
181 334 2152 0.000075
182 335 209 0.000023
183 336 2155 0.000075
184 337 2107 0.000067
185 339 171 0.000023
186 340 155 0.000024
187 342 2192 0.000053
188 349 766 0.000062
189 350 2110 0.000066
190 352 2194 0.000063
191 354 215 0.000022
192 359 2125 0.000065
193 366 208 0.000025
194 367 2149 0.000075
195 368 2130 0.000069
196 375 184 0.000024
197 377 2144 0.000061
198 380 227 0.000022
199 382 2129 0.000074
200 383 234 0.000024
201 384 869 0.000045
202 387 2174 0.000074
203 388 2188 0.000065
204 389 2416 0.000021
205 390 819 0.000056
206 391 831 0.000066
207 392 2148 0.000070
208 396 768 0.000059
209 399 770 0.000059
210 403 2587 0.000062
211 408 2415 0.000021
212 409 2145 0.000070
213 410 261 0.000024
214 412 2153 0.000063
215 413 769 0.000056
216 414 266 0.000023
217 422 287 0.000022
218 423 2614 0.000054
219 424 2231 0.000064
220 425 2205 0.000070
221 426 2151 0.000061
222 427 181 0.000022
223 428 781 0.000062
224 429 289 0.000024
225 433 2256 0.000066
226 435 2204 0.000073
227 437 834 0.000055
228 440 285 0.000023
229 441 2220 0.000068
230 443 874 0.000056
231 445 2239 0.000063
232 446 798 0.000061
233 448 2213 0.000067
234 449 2193 0.000074
235 450 2238 0.000075
236 457 2260 0.000054
237 459 2159 0.000062
238 462 343 0.000024
239 463 207 0.000024
240 464 2175 0.000066
241 469 2165 0.000068
242 470 789 0.000060
243 471 217 0.000024
244 472 2252 0.000066
245 473 2266 0.000073
246 477 797 0.000056
247 478 2201 0.000074
248 479 2186 0.000071
249 480 269 0.000024
250 483 2195 0.000076
251 484 243 0.000024
252 487 2183 0.000063
253 491 2269 0.000022
254 495 2206 0.000049
255 497 804 0.000057
256 498 2261 0.000066
257 500 809 0.000057
258 502 394 0.000033
259 503 2273 0.000074
260 505 2170 0.000073
261 508 2296 0.000064
262 509 2269 0.000070
263 510 893 0.000057
264 513 2202 0.000070
265 515 2324 0.000065
266 516 225 0.000023
267 517 2245 0.000073
268 518 2179 0.000062
269 519 2289 0.000069
270 521 260 0.000024
271 522 268 0.000024
272 525 2196 0.000074
273 527 2226 0.000068
274 528 354 0.000024
275 529 2276 0.000076
276 532 2211 0.000067
277 533 2265 0.000063
278 534 2208 0.000067
279 535 245 0.000024
280 537 314 0.000024
281 539 912 0.000054
282 542 869 0.000055
283 543 389 0.000023
284 548 395 0.000024
285 552 2309 0.000065
286 554 935 0.000057
287 555 2326 0.000074
288 559 2198 0.000064
289 561 392 0.000024
290 563 2305 0.000072
291 564 2236 0.000066
292 569 378 0.000024
293 570 929 0.000059
294 573 2212 0.000073
295 574 390 0.000023
296 575 2336 0.000061
297 577 942 0.000062
298 579 2258 0.000074
299 580 275 0.000024
300 581 2235 0.000067
301 582 960 0.000061
302 584 2332 0.000065
303 585 402 0.000024
304 588 387 0.000022
305 593 2247 0.000073
306 596 312 0.000023
307 599 2249 0.000073
308 600 2207 0.000074
309 601 838 0.000056
310 610 829 0.000055
311 615 2365 0.000072
312 616 421 0.000024
313 617 991 0.000057
314 621 2230 0.000075
315 622 2356 0.000065
316 625 2237 0.000074
317 629 438 0.000025
318 631 2225 0.000074
319 632 429 0.000023
320 640 2364 0.000074
321 641 427 0.000026
322 643 2232 0.000065
323 645 2374 0.000074
324 646 2285 0.000072
325 647 2383 0.000072
326 652 355 0.000024
327 656 2353 0.000066
328 658 2377 0.000076
329 660 2299 0.000068
330 661 2380 0.000064
331 662 2227 0.000065
332 663 851 0.000061
333 664 320 0.000024
334 672 364 0.000023
335 674 352 0.000024
336 675 479 0.000025
337 676 2382 0.000072
338 680 1026 0.000060
339 684 2327 0.000071
340 687 2384 0.000072
341 690 922 0.000055
342 693 2286 0.000075
343 696 340 0.000024
344 697 2397 0.000069
345 699 2254 0.000072
346 707 2271 0.000067
347 712 2303 0.000076
348 714 2246 0.000072
349 721 998 0.000056
350 723 2339 0.000072
351 727 978 0.000060
352 728 2400 0.000069
353 733 481 0.000024
354 742 2361 0.000064
355 760 362 0.000023
356 763 2396 0.000066
357 765 1039 0.000059
358 767 2386 0.000070
359 769 462 0.000022
360 771 2385 0.000066
361 773 2316 0.000072
362 776 2633 0.000058
363 777 781 0.000113
364 778 2355 0.000066
365 780 2268 0.000072
366 781 970 0.000062
367 786 477 0.000021
368 787 2344 0.000070
369 791 2390 0.000069
370 793 483 0.000025
371 794 534 0.000025
372 797 530 0.000071
373 802 478 0.000023
374 804 530 0.000024
375 807 399 0.000023
376 808 2417 0.000020
377 817 2230 0.000062
378 820 2373 0.000067
379 826 2337 0.000074
380 827 973 0.000062
381 841 455 0.000023
382 845 410 0.000023
383 856 399 0.000052
384 897 2406 0.000063
385 918 1974 0.000132
386 930 2408 0.000066
