0 151 110 0.000033
1 156 227 0.000091
2 161 123 0.000032
3 175 137 0.000033
4 186 150 0.000034
5 194 156 0.000033
6 211 179 0.000033
7 212 182 0.000032
8 253 227 0.000032
9 264 251 0.000032
10 266 249 0.000033
11 278 276 0.000032
12 282 278 0.000033
13 288 284 0.000033
14 299 292 0.000033
15 331 328 0.000032
16 341 350 0.000032
17 348 355 0.000031
18 360 370 0.000032
19 372 382 0.000033
20 374 392 0.000033
21 385 368 0.000033
22 386 391 0.000032
23 390 397 0.000032
24 394 404 0.000032
25 398 405 0.000031
26 414 409 0.000033
27 415 407 0.000031
28 451 456 0.000032
29 452 463 0.000033
30 467 483 0.000032
31 472 449 0.000034
32 477 492 0.000032
33 479 514 0.000032
34 485 503 0.000032
35 493 516 0.000032
36 512 292 0.000132
