0 6 591 0.000009
1 7 592 0.000010
2 8 594 0.000010
3 9 593 0.000011
4 10 598 0.000009
5 11 609 0.000009
6 12 599 0.000010
7 13 606 0.000009
8 14 596 0.000010
9 15 605 0.000009
10 16 600 0.000011
11 17 597 0.000011
12 18 603 0.000010
13 19 595 0.000010
14 20 607 0.000011
15 21 614 0.000010
16 22 604 0.000011
17 23 608 0.000010
18 24 601 0.000010
19 25 613 0.000010
20 26 602 0.000011
21 28 612 0.000011
22 29 611 0.000010
23 30 616 0.000010
24 31 610 0.000011
25 32 627 0.000011
26 33 615 0.000010
27 34 617 0.000011
28 35 620 0.000010
29 36 622 0.000011
30 37 633 0.000010
31 38 621 0.000010
32 39 639 0.000010
33 40 618 0.000010
34 41 624 0.000010
35 42 637 0.000010
36 43 619 0.000011
37 44 625 0.000010
38 45 629 0.000011
39 46 628 0.000009
40 47 623 0.000011
41 48 626 0.000011
42 49 631 0.000011
43 50 632 0.000011
44 51 644 0.000009
45 53 634 0.000010
46 54 638 0.000009
47 55 630 0.000011
48 56 640 0.000010
49 57 643 0.000008
50 58 636 0.000010
51 59 641 0.000010
52 60 635 0.000008
53 61 645 0.000010
54 62 646 0.000011
55 63 647 0.000010
56 65 650 0.000010
57 66 654 0.000010
58 67 651 0.000010
59 68 658 0.000009
60 69 653 0.000010
61 70 29 0.000022
62 71 649 0.000010
63 72 655 0.000010
64 73 659 0.000009
65 74 661 0.000011
66 75 648 0.000010
67 76 652 0.000011
68 77 663 0.000010
69 78 657 0.000011
70 80 656 0.000011
71 83 671 0.000011
72 84 668 0.000011
73 85 664 0.000010
74 86 665 0.000011
75 87 666 0.000011
76 88 662 0.000009
77 89 670 0.000012
78 90 672 0.000009
79 91 660 0.000010
80 92 685 0.000010
81 94 676 0.000009
82 95 674 0.000009
83 96 673 0.000011
84 99 678 0.000011
85 100 681 0.000010
86 101 675 0.000010
87 102 667 0.000011
88 104 683 0.000009
89 105 679 0.000010
90 108 682 0.000010
91 109 686 0.000010
92 111 684 0.000010
93 112 699 0.000009
94 113 695 0.000009
95 114 669 0.000011
96 115 677 0.000009
97 117 690 0.000009
98 118 688 0.000009
99 120 687 0.000010
100 121 59 0.000023
101 122 689 0.000010
102 123 692 0.000010
103 129 693 0.000009
104 130 700 0.000009
105 131 691 0.000010
106 132 694 0.000011
107 133 701 0.000010
108 137 697 0.000008
109 139 696 0.000011
110 142 703 0.000011
111 143 698 0.000010
112 145 704 0.000011
113 147 708 0.000010
114 148 706 0.000009
115 149 702 0.000012
116 153 705 0.000012
117 154 472 0.000107
118 157 709 0.000009
119 158 711 0.000010
120 159 710 0.000010
121 168 707 0.000011
122 175 713 0.000010
123 177 714 0.000008
124 178 712 0.000009
125 179 718 0.000008
126 180 717 0.000010
127 181 719 0.000010
128 182 716 0.000010
129 183 715 0.000010
130 187 726 0.000011
131 189 722 0.000010
132 191 723 0.000011
133 194 721 0.000009
134 196 720 0.000011
135 201 727 0.000009
136 202 725 0.000010
137 203 724 0.000010
138 207 739 0.000009
139 209 734 0.000010
140 212 732 0.000010
141 215 733 0.000009
142 216 731 0.000011
143 219 728 0.000010
144 223 729 0.000009
145 225 730 0.000008
146 233 736 0.000010
147 235 735 0.000010
148 238 737 0.000013
149 241 740 0.000008
150 247 738 0.000010
151 251 755 0.000010
