0 4 1098 0.000060
1 5 1091 0.000059
2 6 1092 0.000060
3 7 1321 0.000016
4 8 1104 0.000059
5 10 1094 0.000060
6 11 1093 0.000061
7 12 1097 0.000059
8 13 1100 0.000062
9 14 1096 0.000061
10 15 1102 0.000060
11 16 1095 0.000058
12 17 1101 0.000060
13 18 1108 0.000062
14 19 1099 0.000060
15 20 1112 0.000059
16 21 1103 0.000062
17 22 1111 0.000060
18 23 1132 0.000053
19 24 1106 0.000061
20 25 1116 0.000057
21 26 1113 0.000059
22 27 1121 0.000061
23 28 1126 0.000059
24 29 1117 0.000063
25 30 1123 0.000059
26 31 1127 0.000060
27 32 1120 0.000060
28 33 1125 0.000059
29 34 1105 0.000058
30 35 1119 0.000061
31 36 1134 0.000062
32 37 1124 0.000059
33 38 1136 0.000061
34 39 1128 0.000062
35 40 1131 0.000059
36 41 1133 0.000059
37 42 1132 0.000058
38 43 1118 0.000059
39 44 1110 0.000062
40 45 1129 0.000059
41 46 1135 0.000059
42 47 1142 0.000061
43 48 1122 0.000059
44 49 1146 0.000060
45 50 1138 0.000060
46 51 1140 0.000060
47 52 1143 0.000060
48 53 1141 0.000059
49 54 1137 0.000060
50 55 1148 0.000060
51 56 1151 0.000059
52 57 26 0.000114
53 58 1145 0.000060
54 59 1153 0.000065
55 60 1152 0.000062
56 61 1159 0.000060
57 62 1150 0.000059
58 63 1155 0.000059
59 65 1157 0.000059
60 66 1163 0.000061
61 67 1160 0.000059
62 68 1161 0.000060
63 69 1156 0.000059
64 70 1154 0.000058
65 71 1162 0.000060
66 72 1165 0.000067
67 73 1158 0.000060
68 74 1175 0.000063
69 75 1167 0.000058
70 76 1180 0.000059
71 77 1166 0.000060
72 78 1188 0.000058
73 79 1169 0.000061
74 80 1164 0.000058
75 81 1181 0.000057
76 82 1170 0.000054
77 83 1178 0.000060
78 84 1174 0.000062
79 85 1176 0.000060
80 86 1177 0.000061
81 87 1185 0.000060
82 88 1184 0.000060
83 89 1186 0.000062
84 91 1189 0.000059
85 92 1192 0.000058
86 93 1173 0.000062
87 94 1191 0.000060
88 95 1195 0.000058
89 96 1211 0.000063
90 97 1193 0.000064
91 98 1207 0.000060
92 99 1199 0.000063
93 100 1200 0.000064
94 101 1206 0.000059
95 102 1196 0.000061
96 103 1203 0.000059
97 104 1190 0.000063
98 105 1215 0.000054
99 106 1209 0.000060
100 107 1205 0.000060
101 108 1210 0.000061
102 109 1204 0.000061
103 110 1214 0.000062
104 111 1212 0.000061
105 113 1230 0.000057
106 116 1153 0.000042
107 118 1237 0.000063
108 124 1317 0.000056
109 127 1243 0.000055
110 129 1250 0.000066
111 133 1262 0.000065
112 144 1251 0.000061
113 145 1249 0.000061
114 150 708 0.000131
115 154 1361 0.000054
116 155 1270 0.000063
117 157 1263 0.000063
118 158 220 0.000116
119 159 1292 0.000061
120 161 706 0.000132
121 162 1355 0.000065
122 163 1303 0.000062
123 169 1273 0.000063
124 170 1286 0.000059
125 171 123 0.000117
126 173 1344 0.000060
127 174 1328 0.000059
128 175 1306 0.000063
129 176 1563 0.000064
130 177 1269 0.000059
131 179 1307 0.000065
132 180 1271 0.000061
133 181 1279 0.000059
134 182 1261 0.000059
135 185 1319 0.000059
136 186 1327 0.000062
137 188 1323 0.000062
138 190 1330 0.000061
139 191 147 0.000119
140 192 1293 0.000062
141 193 1272 0.000062
142 196 1296 0.000063
143 197 1312 0.000067
144 198 1315 0.000063
145 199 1347 0.000061
146 200 1355 0.000114
147 201 1281 0.000063
148 202 1388 0.000059
149 203 2414 0.000117
150 204 1278 0.000063
151 205 1291 0.000062
152 207 1353 0.000063
153 208 1365 0.000063
154 209 1374 0.000061
155 210 1326 0.000062
156 211 1428 0.000063
157 212 1331 0.000052
158 214 1368 0.000061
159 215 1313 0.000061
160 216 1373 0.000060
161 217 731 0.000134
162 218 1311 0.000064
163 219 1362 0.000060
164 220 1383 0.000061
165 221 1430 0.000063
166 222 767 0.000131
167 223 1363 0.000058
168 224 1394 0.000061
169 225 1391 0.000061
170 226 1320 0.000061
171 227 1392 0.000060
172 228 1329 0.000064
173 230 1414 0.000061
174 231 1401 0.000063
175 232 1405 0.000059
176 233 1409 0.000065
177 235 1334 0.000059
178 236 1408 0.000063
179 237 1400 0.000058
180 238 1429 0.000064
181 239 1438 0.000063
182 240 1378 0.000062
183 241 1337 0.000064
184 242 1339 0.000061
185 243 1348 0.000063
186 244 1364 0.000059
187 245 1419 0.000064
188 246 1432 0.000062
189 247 1439 0.000061
190 248 1426 0.000059
191 249 1351 0.000060
192 251 1443 0.000057
193 252 1404 0.000064
194 253 1381 0.000062
195 254 1513 0.000055
196 256 1385 0.000059
197 257 1367 0.000062
198 259 1421 0.000061
199 260 1452 0.000062
200 261 1532 0.000055
201 263 1403 0.000062
202 264 1436 0.000064
203 265 1476 0.000063
204 266 1360 0.000059
205 267 1449 0.000062
206 268 1514 0.000061
207 269 221 0.000122
208 270 1416 0.000065
209 271 1406 0.000063
210 272 1473 0.000061
211 273 1372 0.000061
212 274 1517 0.000060
213 275 1575 0.000056
214 277 1503 0.000065
215 279 1413 0.000063
216 280 1484 0.000063
217 281 1478 0.000060
218 283 220 0.000115
219 285 1376 0.000062
220 288 1455 0.000060
221 289 1390 0.000060
222 290 204 0.000124
223 291 1516 0.000060
224 292 1479 0.000061
225 293 1437 0.000062
226 294 1487 0.000072
227 295 1539 0.000061
228 296 1467 0.000059
229 297 1422 0.000063
230 298 256 0.000113
231 299 1465 0.000061
232 300 1525 0.000063
233 303 1529 0.000061
234 304 1411 0.000059
235 305 1407 0.000063
236 306 1501 0.000062
237 308 1396 0.000060
238 309 1398 0.000062
239 310 1580 0.000054
240 311 1581 0.000058
241 313 1454 0.000062
242 314 1512 0.000060
243 315 254 0.000118
244 316 1459 0.000065
245 317 1457 0.000062
246 319 1434 0.000065
247 320 1424 0.000063
248 321 1528 0.000062
249 322 206 0.000117
250 323 1537 0.000060
251 325 1616 0.000062
252 326 1453 0.000058
253 327 1566 0.000058
254 328 1595 0.000052
255 329 1540 0.000061
256 331 1546 0.000062
257 332 1433 0.000062
258 333 1463 0.000062
259 334 1485 0.000058
260 335 1563 0.000063
261 336 1562 0.000064
262 338 1571 0.000062
263 340 1492 0.000062
264 341 1608 0.000061
265 344 1568 0.000062
266 345 1447 0.000058
267 346 1431 0.000059
268 347 1611 0.000062
269 348 865 0.000135
270 349 1444 0.000059
271 351 848 0.000131
272 352 1468 0.000063
273 353 1499 0.000066
274 354 1646 0.000065
275 356 1480 0.000064
276 358 1448 0.000058
277 359 1644 0.000063
278 361 1612 0.000063
279 362 331 0.000117
280 364 1504 0.000062
281 365 1476 0.000114
282 366 1522 0.000054
283 371 1469 0.000063
284 372 1643 0.000063
285 373 1450 0.000061
286 375 1623 0.000063
287 376 1674 0.000069
288 377 1577 0.000060
289 378 1505 0.000065
290 379 1615 0.000063
291 380 1639 0.000063
292 381 1669 0.000061
293 382 1472 0.000061
294 384 1567 0.000063
295 385 1659 0.000063
296 386 1560 0.000065
297 387 1507 0.000062
298 390 1624 0.000061
299 391 1601 0.000060
300 392 1638 0.000060
301 393 1628 0.000059
302 394 1496 0.000060
303 397 1633 0.000061
304 398 1482 0.000062
305 401 1573 0.000061
306 402 918 0.000133
307 404 1536 0.000059
308 411 1745 0.000058
309 412 1664 0.000058
310 413 1666 0.000055
311 415 1523 0.000062
312 418 1561 0.000064
313 420 1498 0.000059
314 421 1708 0.000064
315 422 1477 0.000061
316 423 1719 0.000063
317 424 1506 0.000060
318 427 1663 0.000060
319 428 1620 0.000062
320 429 1750 0.000065
321 433 1732 0.000062
322 434 290 0.000109
323 436 1531 0.000060
324 437 1679 0.000060
325 438 1491 0.000058
326 440 1678 0.000061
327 442 1703 0.000059
328 449 1749 0.000060
329 450 928 0.000134
330 453 1526 0.000061
331 454 1705 0.000060
332 455 1520 0.000058
333 456 1727 0.000064
334 464 1365 0.000090
335 466 1600 0.000063
336 467 1725 0.000063
337 468 1500 0.000058
338 469 1647 0.000065
339 473 1686 0.000061
340 474 1585 0.000061
341 475 1714 0.000059
342 479 1756 0.000063
343 480 1736 0.000063
344 481 1713 0.000058
345 483 1851 0.000056
346 484 1741 0.000063
347 486 1733 0.000068
348 487 1642 0.000060
349 492 1758 0.000059
350 493 1530 0.000061
351 494 439 0.000121
352 495 1772 0.000063
353 496 1769 0.000062
354 499 1675 0.000060
355 501 456 0.000112
356 502 1818 0.000053
357 503 1813 0.000060
358 504 1607 0.000062
359 505 1545 0.000057
360 506 1786 0.000060
361 508 1771 0.000061
362 510 1775 0.000063
363 511 391 0.000115
364 512 1760 0.000059
365 514 1634 0.000062
366 515 1636 0.000061
367 516 1569 0.000061
368 517 1778 0.000066
369 518 1805 0.000061
370 519 1777 0.000062
371 520 895 0.000117
372 521 1812 0.000062
373 522 1650 0.000062
374 523 1740 0.000064
375 525 1613 0.000064
376 526 1776 0.000059
377 527 1802 0.000063
378 528 1780 0.000067
379 529 1586 0.000064
380 531 1738 0.000058
381 532 1770 0.000061
382 533 1645 0.000063
383 534 1748 0.000062
384 535 1557 0.000061
385 536 1793 0.000063
386 537 1701 0.000064
387 541 1814 0.000058
388 542 1810 0.000060
389 543 1840 0.000064
390 544 1796 0.000060
391 545 1414 0.000120
392 547 1681 0.000061
393 549 1610 0.000059
394 552 1655 0.000061
395 554 368 0.000121
396 555 1800 0.000060
397 557 1787 0.000061
398 558 1822 0.000062
399 559 1683 0.000061
400 560 1651 0.000061
401 562 1734 0.000061
402 564 1593 0.000063
403 565 1757 0.000061
404 567 1835 0.000058
405 570 1806 0.000069
406 573 428 0.000118
407 574 1435 0.000102
408 575 1858 0.000061
409 578 1614 0.000061
410 580 1625 0.000059
411 586 1766 0.000061
412 589 1619 0.000059
413 593 896 0.000133
414 594 1868 0.000059
415 595 1901 0.000061
416 599 1894 0.000062
417 603 1731 0.000064
418 604 1826 0.000068
419 605 1859 0.000064
420 606 1809 0.000062
421 609 1853 0.000060
422 610 1035 0.000129
423 612 1843 0.000035
424 614 1880 0.000062
425 616 1765 0.000063
426 620 1823 0.000064
427 622 1897 0.000061
428 623 1761 0.000062
429 625 1660 0.000060
430 627 1798 0.000063
431 628 1877 0.000059
432 630 1820 0.000061
433 631 1730 0.000065
434 633 1718 0.000062
435 634 464 0.000114
436 638 1804 0.000064
437 640 1732 0.000047
438 641 1687 0.000063
439 643 1782 0.000058
440 644 401 0.000112
441 645 1631 0.000061
442 647 1904 0.000061
443 649 1702 0.000062
444 652 1878 0.000059
445 654 1900 0.000059
446 655 1682 0.000058
447 656 1672 0.000055
448 657 1824 0.000064
449 658 1819 0.000065
450 659 1711 0.000060
451 661 1931 0.000060
452 663 1864 0.000061
453 667 1870 0.000060
454 669 1911 0.000064
455 671 1845 0.000057
456 672 1788 0.000061
457 674 1833 0.000066
458 680 1887 0.000061
459 681 1827 0.000059
460 683 1882 0.000063
461 686 1768 0.000062
462 688 1843 0.000063
463 690 1847 0.000062
464 694 1925 0.000062
465 698 1759 0.000060
466 700 1937 0.000063
467 707 1869 0.000062
468 709 1938 0.000063
469 716 1848 0.000060
470 718 1902 0.000059
471 721 1860 0.000062
472 729 1933 0.000063
473 730 1912 0.000063
474 736 1854 0.000062
475 740 1899 0.000061
476 744 1892 0.000062
477 750 1915 0.000059
478 751 1830 0.000062
479 765 1480 0.000129
480 767 1921 0.000061
