0 5 0 0.000014
1 6 4 0.000014
2 7 1 0.000014
3 8 2 0.000015
4 9 7 0.000013
5 10 3 0.000014
6 11 16 0.000014
7 12 6 0.000015
8 13 5 0.000013
9 14 8 0.000014
10 15 12 0.000015
11 16 15 0.000014
12 17 10 0.000014
13 18 21 0.000014
14 19 11 0.000015
15 20 17 0.000015
16 21 14 0.000014
17 22 13 0.000014
18 23 20 0.000014
19 24 18 0.000014
20 25 24 0.000016
21 26 23 0.000015
22 27 19 0.000015
23 29 22 0.000015
24 30 27 0.000014
25 31 25 0.000014
26 32 32 0.000014
27 33 31 0.000014
28 34 36 0.000014
29 35 43 0.000014
30 36 28 0.000015
31 37 26 0.000015
32 38 39 0.000015
33 40 29 0.000015
34 41 35 0.000013
35 42 42 0.000014
36 43 40 0.000013
37 44 33 0.000013
38 45 37 0.000014
39 46 30 0.000015
40 47 44 0.000014
41 48 41 0.000014
42 49 34 0.000014
43 50 45 0.000015
44 51 38 0.000015
45 52 54 0.000014
46 54 48 0.000015
47 55 47 0.000015
48 56 49 0.000015
49 57 52 0.000015
50 58 55 0.000016
51 59 58 0.000015
52 60 50 0.000016
53 61 51 0.000015
54 62 56 0.000012
55 63 57 0.000014
56 65 53 0.000015
57 66 60 0.000015
58 67 67 0.000014
59 68 65 0.000013
60 69 61 0.000015
61 70 62 0.000014
62 71 59 0.000014
63 74 68 0.000015
64 75 63 0.000015
65 76 73 0.000016
66 77 66 0.000015
67 79 2107 0.000053
68 80 70 0.000014
69 81 77 0.000014
70 82 76 0.000016
71 83 72 0.000015
72 84 21 0.000136
73 85 75 0.000014
74 86 78 0.000014
75 87 80 0.000014
76 88 86 0.000015
77 89 87 0.000012
78 90 81 0.000017
79 92 83 0.000016
80 93 82 0.000017
81 95 85 0.000011
82 96 91 0.000014
83 97 90 0.000015
84 98 95 0.000016
85 99 88 0.000011
86 100 92 0.000016
87 101 93 0.000013
88 103 96 0.000016
89 105 98 0.000015
90 114 1325 0.000056
91 117 1324 0.000058
92 118 2150 0.000054
93 119 104 0.000015
94 127 2148 0.000054
95 128 138 0.000015
96 130 2153 0.000054
97 134 105 0.000015
98 139 113 0.000014
99 141 747 0.000045
100 142 107 0.000016
101 144 109 0.000015
102 145 116 0.000013
103 146 110 0.000013
104 147 741 0.000046
105 148 114 0.000015
106 149 2171 0.000054
107 150 1326 0.000055
108 154 2157 0.000054
109 155 2175 0.000053
110 157 122 0.000014
111 158 2162 0.000054
112 159 111 0.000014
113 160 1375 0.000057
114 162 160 0.000013
115 165 112 0.000015
116 166 123 0.000013
117 167 135 0.000016
118 168 166 0.000016
119 169 2154 0.000055
120 170 136 0.000014
121 172 125 0.000012
122 173 127 0.000012
123 174 178 0.000013
124 176 172 0.000013
125 177 115 0.000014
126 178 2521 0.000037
127 180 120 0.000013
128 182 119 0.000014
129 183 126 0.000016
130 187 158 0.000016
131 188 1377 0.000054
132 189 118 0.000013
133 190 188 0.000014
134 192 2172 0.000054
135 193 124 0.000016
136 194 190 0.000014
137 197 128 0.000015
138 198 117 0.000015
139 199 149 0.000013
140 200 139 0.000016
141 201 150 0.000013
142 202 148 0.000014
143 203 1363 0.000054
144 206 2492 0.000012
145 209 156 0.000013
146 210 202 0.000014
147 212 2193 0.000053
148 214 2522 0.000002
149 215 133 0.000013
150 216 175 0.000015
151 217 1359 0.000057
152 219 131 0.000015
153 220 129 0.000013
154 221 197 0.000015
155 222 181 0.000014
156 224 130 0.000013
157 226 162 0.000014
158 227 144 0.000013
159 228 167 0.000014
160 229 132 0.000013
161 231 143 0.000014
162 232 134 0.000013
163 233 169 0.000016
164 234 140 0.000014
165 236 185 0.000013
166 239 145 0.000013
167 241 141 0.000012
168 242 147 0.000013
169 245 177 0.000015
170 246 179 0.000013
171 247 173 0.000015
172 250 189 0.000014
173 254 198 0.000014
174 256 268 0.000012
175 257 193 0.000014
176 258 204 0.000015
177 261 183 0.000015
178 262 192 0.000014
179 263 196 0.000015
180 265 209 0.000015
181 267 2538 0.000037
182 268 792 0.000045
183 269 2684 0.000041
184 270 165 0.000012
185 271 151 0.000015
186 273 201 0.000012
187 276 164 0.000014
188 279 159 0.000013
189 280 154 0.000013
190 281 155 0.000014
191 282 216 0.000014
192 283 146 0.000015
193 284 205 0.000014
194 285 231 0.000012
195 286 153 0.000015
196 287 168 0.000014
197 288 176 0.000013
198 289 152 0.000015
199 290 222 0.000014
200 292 182 0.000012
201 296 215 0.000013
202 297 239 0.000014
203 298 157 0.000014
204 301 170 0.000015
205 302 217 0.000014
206 303 163 0.000017
207 304 174 0.000015
208 306 161 0.000016
209 307 219 0.000014
210 308 194 0.000012
211 309 242 0.000013
212 310 171 0.000013
213 311 2494 0.000012
214 312 191 0.000013
215 316 227 0.000012
216 318 228 0.000012
217 319 235 0.000014
218 323 249 0.000013
219 324 238 0.000015
220 325 1491 0.000056
221 327 180 0.000012
222 328 289 0.000013
223 329 207 0.000014
224 331 186 0.000015
225 332 211 0.000012
226 333 281 0.000014
227 334 240 0.000015
228 335 2493 0.000011
229 338 199 0.000015
230 339 252 0.000014
231 341 221 0.000015
232 344 295 0.000013
233 346 261 0.000014
234 347 271 0.000013
235 348 187 0.000013
236 349 277 0.000014
237 350 276 0.000013
238 352 244 0.000015
239 353 250 0.000015
240 354 247 0.000012
241 357 272 0.000013
242 358 184 0.000015
243 359 206 0.000015
244 361 195 0.000015
245 363 223 0.000014
246 365 300 0.000014
247 367 336 0.000015
248 369 280 0.000014
249 370 283 0.000012
250 373 2226 0.000054
251 374 266 0.000015
252 376 264 0.000014
253 377 287 0.000014
254 378 302 0.000013
255 381 290 0.000014
256 382 218 0.000015
257 383 292 0.000012
258 384 234 0.000014
259 385 2290 0.000054
260 386 298 0.000013
261 387 230 0.000015
262 389 225 0.000013
263 392 1639 0.000057
264 394 2708 0.000042
265 395 208 0.000016
266 396 213 0.000011
267 397 320 0.000014
268 398 358 0.000012
269 400 307 0.000013
270 401 200 0.000016
271 402 310 0.000013
272 403 387 0.000014
273 406 214 0.000013
274 407 314 0.000015
275 408 212 0.000014
276 409 224 0.000014
277 410 279 0.000013
278 411 378 0.000015
279 412 343 0.000015
280 413 313 0.000014
281 414 919 0.000045
282 415 353 0.000014
283 416 275 0.000015
284 418 248 0.000014
285 419 257 0.000014
286 420 393 0.000015
287 423 251 0.000013
288 424 237 0.000014
289 425 220 0.000015
290 426 226 0.000015
291 427 325 0.000014
292 428 233 0.000015
293 430 306 0.000012
294 431 386 0.000013
295 432 259 0.000013
296 433 337 0.000014
297 434 291 0.000015
298 435 308 0.000015
299 436 315 0.000015
300 438 338 0.000015
301 439 327 0.000015
302 440 346 0.000012
303 441 1595 0.000057
304 442 232 0.000013
305 443 367 0.000014
306 445 312 0.000015
307 448 241 0.000014
308 450 304 0.000014
309 452 340 0.000014
310 453 286 0.000015
311 454 236 0.000014
312 456 348 0.000014
313 458 363 0.000012
314 459 458 0.000014
315 461 316 0.000015
316 462 416 0.000014
317 463 273 0.000015
318 464 391 0.000012
319 467 278 0.000013
320 469 375 0.000015
321 470 2563 0.000035
322 471 270 0.000014
323 472 317 0.000015
324 473 255 0.000014
325 474 309 0.000016
326 475 398 0.000013
327 478 229 0.000014
328 479 1697 0.000055
329 480 265 0.000013
330 481 370 0.000013
331 483 263 0.000014
332 485 347 0.000013
333 487 267 0.000014
334 488 365 0.000012
335 492 243 0.000015
336 493 392 0.000013
337 494 345 0.000013
338 495 420 0.000014
339 496 253 0.000013
340 498 2312 0.000054
341 500 328 0.000012
342 501 409 0.000013
343 502 413 0.000013
344 503 417 0.000014
345 504 318 0.000014
346 505 258 0.000015
347 506 269 0.000012
348 507 394 0.000013
349 509 282 0.000014
350 512 294 0.000012
351 513 397 0.000012
352 514 871 0.000044
353 517 319 0.000014
354 518 399 0.000014
355 519 274 0.000013
356 523 487 0.000014
357 527 410 0.000014
358 529 403 0.000014
359 530 293 0.000013
360 532 439 0.000014
361 533 303 0.000013
362 534 256 0.000015
363 535 414 0.000014
364 537 297 0.000014
365 538 406 0.000012
366 541 285 0.000013
367 543 262 0.000014
368 546 423 0.000013
369 547 404 0.000013
370 548 432 0.000013
371 549 425 0.000014
372 553 350 0.000012
373 554 419 0.000013
374 555 321 0.000015
375 557 260 0.000013
376 558 450 0.000014
377 559 326 0.000014
378 563 288 0.000015
379 564 331 0.000013
380 565 1611 0.000058
381 568 377 0.000014
382 571 431 0.000015
383 572 407 0.000013
384 573 369 0.000014
385 575 329 0.000016
386 577 444 0.000013
387 579 352 0.000013
388 580 448 0.000014
389 583 402 0.000013
390 584 466 0.000013
391 585 1784 0.000056
392 586 1643 0.000055
393 587 496 0.000015
394 592 382 0.000012
395 593 299 0.000014
396 595 449 0.000014
397 596 469 0.000013
398 598 305 0.000013
399 599 421 0.000014
400 600 342 0.000014
401 603 2458 0.000053
402 604 463 0.000013
403 606 465 0.000014
404 610 523 0.000014
405 611 296 0.000014
406 612 373 0.000015
407 617 454 0.000013
408 619 323 0.000014
409 620 440 0.000014
410 621 456 0.000013
411 623 492 0.000012
412 626 2572 0.000035
413 628 412 0.000013
414 631 513 0.000014
415 638 344 0.000013
416 642 372 0.000013
417 643 351 0.000017
418 644 380 0.000015
419 646 1850 0.000056
420 647 330 0.000014
421 649 334 0.000013
422 651 388 0.000015
423 653 374 0.000015
424 654 493 0.000013
425 655 485 0.000015
426 657 385 0.000013
427 659 478 0.000015
428 660 301 0.000014
429 662 333 0.000014
430 663 488 0.000014
431 666 509 0.000014
432 667 368 0.000013
433 668 481 0.000015
434 669 381 0.000014
435 671 498 0.000012
436 676 475 0.000011
437 680 311 0.000015
438 686 384 0.000014
439 689 324 0.000016
440 690 436 0.000014
441 691 361 0.000015
442 694 428 0.000013
443 695 359 0.000014
444 698 522 0.000014
445 699 355 0.000013
446 703 366 0.000015
447 704 517 0.000012
448 708 360 0.000014
449 709 2594 0.000038
450 713 510 0.000014
451 717 335 0.000015
452 721 527 0.000013
453 723 490 0.000013
454 727 1905 0.000058
455 728 1791 0.000056
456 731 349 0.000015
457 732 539 0.000014
458 734 460 0.000014
459 736 339 0.000014
460 739 371 0.000012
461 740 511 0.000013
462 741 1909 0.000059
463 742 354 0.000014
464 744 356 0.000015
465 745 2473 0.000043
466 747 535 0.000013
467 750 455 0.000012
468 752 524 0.000012
469 756 536 0.000014
470 759 2463 0.000054
471 760 379 0.000015
472 761 503 0.000013
473 764 528 0.000014
474 769 532 0.000013
475 770 542 0.000013
476 772 2598 0.000037
477 773 238 0.000087
478 775 533 0.000014
479 777 429 0.000015
480 779 520 0.000013
481 781 561 0.000014
482 782 376 0.000014
483 785 538 0.000014
484 786 1103 0.000045
485 787 395 0.000015
486 790 446 0.000016
487 792 541 0.000015
488 795 362 0.000015
489 798 430 0.000013
490 799 364 0.000014
491 800 569 0.000013
492 801 357 0.000013
493 802 491 0.000015
494 805 418 0.000014
495 806 401 0.000012
496 810 534 0.000013
497 812 519 0.000012
498 813 457 0.000014
499 814 424 0.000014
500 817 526 0.000014
501 820 508 0.000014
502 821 556 0.000014
503 827 560 0.000013
504 828 507 0.000015
505 830 2495 0.000011
506 833 1965 0.000056
507 835 565 0.000060
508 838 514 0.000013
509 841 566 0.000013
510 844 422 0.000014
511 845 563 0.000014
512 847 389 0.000016
513 850 565 0.000013
514 853 494 0.000012
515 855 559 0.000014
516 859 544 0.000012
517 860 558 0.000015
518 862 437 0.000012
519 864 546 0.000015
520 865 408 0.000015
521 866 506 0.000014
522 869 1938 0.000059
523 870 555 0.000013
524 871 572 0.000013
525 873 438 0.000014
526 876 583 0.000013
527 878 2620 0.000037
528 879 516 0.000013
529 882 577 0.000014
530 883 1901 0.000056
531 884 452 0.000014
532 889 489 0.000015
533 895 515 0.000013
534 899 483 0.000012
535 900 550 0.000015
536 901 477 0.000015
537 902 441 0.000084
538 905 549 0.000014
539 908 411 0.000012
540 911 573 0.000014
541 914 427 0.000015
542 918 459 0.000014
543 923 529 0.000013
544 926 505 0.000012
545 930 422 0.000049
546 931 568 0.000014
547 932 531 0.000012
548 935 2477 0.000056
549 937 548 0.000014
550 939 586 0.000014
551 942 495 0.000012
552 943 547 0.000014
553 947 415 0.000015
554 948 585 0.000012
555 950 579 0.000014
556 952 589 0.000014
557 954 578 0.000013
558 958 447 0.000013
559 959 553 0.000014
560 971 567 0.000013
561 973 552 0.000014
562 978 462 0.000014
563 981 551 0.000013
564 986 580 0.000014
565 987 1918 0.000058
566 990 545 0.000015
567 991 574 0.000015
568 993 512 0.000015
569 995 543 0.000012
570 996 590 0.000012
571 1003 530 0.000015
572 1004 564 0.000012
573 1007 584 0.000013
574 1008 588 0.000012
575 1025 499 0.000015
576 1030 557 0.000014
577 1034 2477 0.000115
578 1036 357 0.000089
579 1040 562 0.000015
580 1055 529 0.000057
581 1064 575 0.000014
582 1086 364 0.000116
