227
81
49
164
265
378
502
1380
113
536
180
1380
972
1380
493
1787
1380
52
42
213
536
1677
1380
190
972
1380
1677
265
1926
196
1720
16
338
65
1025
1380
1380
1720
1720
265
1025
1787
1720
181
1787
196
1025
320
536
1720
265
316
1720
1025
31
285
85
266
199
502
1380
213
58
57
1380
1025
1025
550
147
1025
1787
1677
50
1380
536
59
1720
48
1677
82
1209
1720
1380
617
1380
584
79
1720
62
72
56
84
196
1720
1209
550
1787
1380
213
420
1787
1720
100
83
1025
213
1720
86
1380
972
1720
1971
243
221
1720
102
195
675
213
1787
180
1720
972
570
1427
477
1720
1427
320
1025
1720
1380
225
210
536
213
224
196
1720
265
1209
502
1380
222
206
1380
536
1209
265
241
1720
234
1720
483
1720
1787
1720
213
1720
1720
1380
265
347
1720
1720
1720
536
1209
70
1787
1380
1025
265
1787
1380
1720
1787
1787
1787
502
1720
1720
1720
374
1720
1380
972
15
276
735
317
1720
1677
1380
196
306
196
196
221
69
1025
319
196
972
194
1787
265
97
1720
1380
1720
1025
305
868
502
493
50
1720
1380
1209
366
502
972
1720
150
1787
378
1787
162
213
1209
658
1025
1209
502
155
1677
1025
1720
972
1025
1882
364
1025
1720
1427
1720
1209
638
1380
1720
437
1380
334
1720
1677
194
1720
1380
1720
1380
1380
1787
1720
352
1677
1787
374
391
374
1720
1720
1787
1380
1720
1720
582
453
1971
1025
213
1787
1677
1380
1720
1971
1720
536
1209
407
502
450
441
1720
1025
938
1720
1787
1787
1720
442
1025
1380
182
448
536
196
536
457
436
1209
213
502
196
1025
429
502
1677
455
705
1720
1025
1720
457
808
469
1787
1787
227
1720
1025
213
842
1720
1720
1720
1720
1720
748
1380
1677
1380
445
196
1787
1787
923
1720
536
1180
464
1014
807
1677
1025
1025
460
213
213
807
502
1209
972
1720
761
1025
1380
266
1380
1025
16
876
1380
724
536
1090
1677
1380
536
48
1380
838
510
883
972
88
57
1720
489
1025
1138
495
641
1380
923
1647
1209
703
748
1677
1720
761
1380
513
536
196
1720
502
1720
2196
1014
1677
1720
1787
1787
1787
1025
788
582
1787
1053
213
1340
494
1787
905
1787
1720
93
1025
1787
499
1380
1076
972
332
2148
1720
1720
477
1014
1677
1138
1787
1025
748
1787
536
56
825
1787
1720
967
1053
1720
1677
1720
936
15
285
1044
1025
1536
653
748
1025
1720
1720
1787
1380
1720
1380
196
908
1025
663
972
746
324
1914
102
1677
1720
209
546
1025
213
967
502
1380
804
1720
533
676
1025
213
1025
1025
981
565
1677
56
854
1787
922
804
1720
502
1315
567
649
195
1787
985
555
804
1960
1340
901
967
1209
1677
1677
213
811
1025
1720
1720
569
1027
213
734
536
1180
196
873
196
905
857
1380
196
839
1720
1025
836
572
724
889
1025
863
1380
657
536
985
1720
1044
751
1720
1787
1677
1315
1042
1116
1025
857
807
694
1380
1025
874
1720
984
1380
2182
196
213
882
213
1380
889
1406
1720
1720
791
1209
624
1720
1126
996
868
1720
1025
583
775
213
1291
882
1720
653
1116
1209
967
1380
622
1720
536
1787
1720
1720
802
1380
883
925
972
1380
213
929
1008
664
1318
989
1066
611
653
1326
1025
788
1038
1787
925
1209
1177
989
502
792
623
1787
1380
1380
1677
1787
1720
1720
972
630
812
1787
1066
1787
823
1380
989
1209
1720
1191
1787
457
868
1186
1350
1025
1380
1444
1025
750
760
1348
985
1444
265
628
1720
502
513
958
1720
502
796
1380
1280
1720
1720
948
1787
1094
694
536
829
1157
1209
407
1677
1720
1720
775
1113
1251
265
1380
691
1360
1380
868
1180
943
1209
868
1413
972
1720
1720
902
649
1380
1209
1183
1209
1136
265
536
1720
985
1536
1315
1720
644
502
1023
1209
1720
1787
1098
1116
1677
502
1039
894
1207
804
213
1040
788
1720
1025
1280
725
1787
1720
1677
1380
1720
1720
567
1677
729
1207
1053
1089
1413
1152
1041
1787
1787
592
1152
1254
1422
909
1720
1097
974
1140
1380
930
1599
985
1380
1150
1304
1380
213
841
1152
1310
990
514
884
1309
901
930
265
1720
1254
1180
873
1209
1363
1380
1056
1406
1380
542
1720
1310
1787
734
536
1310
1135
1522
1116
1787
804
628
1787
1025
1081
1422
869
1720
16
234
635
1725
1554
2182
1557
939
536
996
213
684
1380
941
1273
352
788
1032
1367
1197
792
265
1206
1720
1085
775
1422
939
536
196
1380
1720
502
1447
1025
1677
1720
839
213
1677
477
1725
265
1787
734
1076
1422
1720
1720
1557
1574
1557
1025
1493
196
1720
972
1057
1720
829
1720
1365
1025
1380
1310
1720
1310
1493
213
536
39
1787
1787
1476
794
1027
1380
794
265
1852
1720
1422
1140
1360
1720
1209
213
1380
653
1027
864
1025
536
265
1380
502
626
972
1380
1329
787
1422
1056
337
972
1720
1032
1787
118
502
1380
1380
1140
502
1422
1557
305
831
1498
742
1787
1720
1720
826
1309
989
1493
334
1012
675
213
993
1787
1380
972
885
265
995
213
1557
839
1720
1197
1720
1498
1720
1007
1310
985
1720
972
1720
917
972
1113
1787
653
995
1583
1720
1406
448
1380
988
925
661
925
1720
1380
1720
1226
1348
1010
1787
1310
1557
919
972
1380
502
1310
502
1340
1422
213
1025
769
972
989
1720
1025
714
536
1380
1380
1041
1787
1177
213
1380
1554
1607
1209
185
1380
1380
213
1720
502
729
1971
457
989
731
1400
1422
1297
1186
1038
1720
784
213
1025
1599
972
1557
1787
1284
536
1097
855
1720
1066
889
196
1720
1787
1289
1557
972
1422
536
1296
644
998
1117
1025
1720
964
1787
1380
1089
1251
1557
317
1380
1056
905
1787
1140
1400
1310
1326
1720
1444
1265
1359
1493
1720
1787
1720
1025
1380
983
1081
964
1633
1254
1557
1282
1183
1254
1599
1381
1061
1237
972
927
862
1787
1152
980
1310
1720
1209
1379
1191
533
213
1720
1233
1422
1422
1787
1209
1577
1787
1623
972
1209
1574
1033
972
1493
1042
1599
502
1480
1232
1347
1787
1385
1787
1613
1787
684
1025
1787
213
1599
196
1720
1209
1720
1040
1209
1025
1273
213
1413
653
1310
196
1787
1493
180
1025
1422
1720
1086
1156
1025
1022
1601
1309
213
1720
1720
972
1025
1787
1787
1025
1390
1647
1069
1506
963
1116
1136
536
364
1720
1422
1152
1251
1787
1380
1720
1094
1576
213
1025
1081
1093
1232
868
1720
1557
213
973
1025
1720
1325
1379
905
1677
1720
972
1227
1348
1116
1469
1024
265
1971
2093
653
1720
1787
1310
1787
583
1152
1094
1194
1665
1152
1646
1155
1493
1787
1380
118
1639
1422
1369
450
1720
995
1718
1559
1380
499
1422
769
1720
1493
196
1639
1971
1639
1557
1011
1380
1720
1184
1291
1013
1285
1720
981
1557
1447
1084
1720
1367
1184
1167
1325
1155
1720
265
1198
1380
1493
502
1380
1971
1720
1209
196
725
1183
1209
1422
1380
1380
1720
1257
1380
1720
1447
1025
1380
1022
1787
1380
1173
1257
1380
1025
1363
1152
1720
972
1254
1457
583
1725
1273
149
1369
483
1787
1557
1720
213
213
1720
1109
1713
1493
1720
1363
1325
1254
453
1232
1493
1381
972
1385
1380
442
1025
905
680
1380
213
1457
1297
1011
1787
1702
1720
536
1045
1386
1720
972
1244
1380
1325
1380
1089
1787
1720
1787
213
905
1310
1422
1144
1310
374
1720
769
1573
1391
1755
1422
1422
1787
1112
1310
1209
1677
1677
536
1132
1033
1380
1082
1380
1380
1787
1380
536
583
1747
1498
1976
1380
1493
213
1367
1090
1422
724
1325
641
1725
1787
1618
1573
1575
1244
1720
1218
2019
1639
1557
536
725
1380
1044
1116
1557
1288
1677
1325
1025
1380
1583
1310
1380
513
1720
1493
972
1787
653
536
1152
1677
437
653
1422
1191
1380
972
1572
1720
1422
2220
1422
536
865
1308
536
1787
2188
1025
1720
1543
1225
972
1422
1288
1720
1720
1422
1197
583
1589
1720
1147
448
1066
1051
1449
1203
1380
1380
1915
1209
784
1069
972
1209
1852
1720
1132
1209
1084
1417
1720
1356
1557
1960
1422
1664
1720
1209
1720
1720
1720
328
1380
1310
1312
1493
1025
1422
1165
1380
1720
1720
213
455
1787
1720
536
1288
1720
1456
1720
1493
1720
1380
1493
1445
1536
1499
265
1209
1493
1147
1787
1787
448
1325
1664
1533
213
963
1787
1209
1380
1742
1025
972
1827
180
1437
536
1787
1380
1674
1600
1742
1557
1440
213
1437
1209
1524
1348
1720
265
1787
317
1962
1325
1215
1787
1787
1720
1720
1451
718
1380
980
1595
196
995
1787
1380
932
1103
1720
265
213
1305
1578
1561
1380
1787
1285
1310
1209
1720
502
1422
1458
1720
1787
1561
1493
265
1915
1787
265
502
1081
1209
1915
919
1677
536
1612
1616
1720
1422
265
1787
1061
1557
1493
1325
1361
1720
1536
1380
972
213
1971
972
1090
1677
1572
1763
196
536
1194
972
1787
1720
658
1061
1215
1117
1086
1397
1154
1647
469
1025
1025
536
536
1557
1209
536
1380
972
213
536
1557
1209
1720
1639
1380
265
1720
1720
1720
1851
1894
972
213
1971
1557
1025
213
731
1610
1493
1209
213
1787
196
1720
1350
1458
1720
1380
1409
536
2055
1422
1720
1720
1119
1557
972
2093
1422
1557
536
1720
510
1787
1787
213
1720
1683
1720
1903
265
2220
1460
1308
1025
1422
2176
1209
1720
1422
1683
1720
1525
1851
1787
1720
1173
1027
1851
407
1720
1391
510
972
1380
1380
1767
1787
1987
1720
1282
924
1787
536
1586
536
1380
1209
823
2037
1720
1934
1546
1851
308
1325
265
1957
1720
213
1399
265
213
1025
1720
1025
1422
448
1926
1985
536
2188
1844
213
1852
1720
2182
510
1380
1720
1787
536
1851
1720
502
1318
1422
653
1374
1209
1720
653
502
1380
746
1958
1804
1851
265
2182
1720
493
1470
2037
1787
1787
1025
213
1627
1542
864
1325
658
784
374
1525
1209
1787
1380
213
2037
1380
1720
1787
653
213
213
972
658
1787
1380
196
1380
502
2037
1787
213
1720
1380
1325
653
1787
510
1720
1720
1787
784
1787
1720
1720
1325
1209
1579
213
536
265
855
1209
1787
1557
1851
265
1720
1325
1380
536
1380
213
196
536
1325
2205
536
536
1380
972
1720
1720
1380
1325
1874
1380
784
1542
1209
1380
1971
213
1687
1380
1677
1677
718
1380
1787
1119
1787
972
1787
536
536
1380
213
1720
2191
1380
1380
1627
1460
1209
213
1209
1787
1025
213
1209
1209
457
1683
1503
1380
1720
2133
1720
1557
213
536
1380
1787
1503
213
1209
1025
265
1380
1325
1380
972
536
1787
265
180
1720
1380
1851
1025
1380
1380
1787
1380
1325
1380
2133
1380
1380
1209
1720
1380
731
1787
1025
1209
1075
1380
2133
1380
1025
731
1557
1787
1380
1025
1325
1209
1546
2133
1787
972
1325
1209
213
1380
265
555
972
1380
34
43
1720
536
213
1380
34
1380
1380
1380
1380
1971
1209
1453
34
1380
1025
1453
260
34
213
213
1380
972
536
972
34
1787
1380
455
1025
1025
34
1325
34
1380
1720
1787
34
34
536
189
213
34
1075
1787
536
536
34
34
1559
1025
34
34
34
1787
1787
34
536
213
34
536
536
1380
1380
1677
972
1025
34
34
536
213
213
1380
704
1787
52
1787
1787
374
2066
536
1787
536
1380
1325
213
1380
972
1209
1787
1720
536
1209
536
213
1677
213
213
2220
1380
1677
1380
536
1787
536
1380
213
1559
1677
1380
1380
972
1787
60
972
1720
527
1787
536
1720
1677
1787
1787
1380
1380
265
1787
536
536
536
1677
1025
265
1209
1380
1209
1677
1209
536
1787
