1.000000 235.299187 1.197206 0.684445 0.041002 -0.830933 169.000000 0.000000 17.221580 7.389219 -2.171496
2.000000 494.530983 5.949215 0.651548 0.431909 -0.798810 169.000000 0.000000 13.187247 5.371846 -1.825309
3.000000 258.398972 11.974677 0.437055 -0.384176 0.534264 169.000000 0.000000 9.294902 4.238152 -1.567941
4.000000 326.094240 13.201694 0.921052 0.408251 -0.258554 169.000000 0.000000 2.584065 1.012704 -0.013707
5.000000 289.633773 22.314301 0.804320 -0.091570 -0.826705 169.000000 0.000000 30.852691 11.343745 -2.636891
6.000000 441.326754 31.156299 0.570567 0.435181 0.091487 169.000000 0.000000 23.395614 11.576320 -2.658926
7.000000 358.581383 35.838194 0.740876 -0.271575 0.702265 169.000000 0.000000 14.771041 5.539059 -1.858590
8.000000 470.496203 38.314476 0.750127 -0.777753 -0.738397 169.000000 0.000000 20.455245 7.532128 -2.192294
9.000000 1.539325 39.711944 0.676929 -0.222354 0.238511 169.000000 0.000000 24.007308 10.830989 -2.586670
10.000000 382.245144 39.884581 0.629334 0.141195 -0.883818 169.000000 0.000000 1.563281 1.008509 -0.009200
11.000000 111.751130 41.360392 0.311142 -0.042792 0.350320 169.000000 0.000000 7.848022 3.333580 -1.307277
12.000000 36.847211 46.182145 0.462139 0.933848 -0.039129 169.000000 0.000000 6.936704 2.743850 -1.095901
13.000000 396.462376 46.251727 0.561744 0.789800 0.658759 169.000000 0.000000 1.458390 1.102001 -0.105455
14.000000 284.955701 56.187287 0.380394 -0.160606 -0.059482 169.000000 0.000000 4.527634 2.074683 -0.792379
15.000000 389.297247 56.747689 0.389746 0.991860 -0.034741 169.000000 0.000000 9.182924 4.972515 -1.741440
16.000000 130.908670 56.837032 0.603984 -0.344406 -0.725835 169.000000 0.000000 19.631485 8.987092 -2.384048
17.000000 88.674869 58.855957 0.958209 0.309069 -0.228842 169.000000 0.000000 36.218462 12.415057 -2.734872
18.000000 244.806101 58.402701 0.475463 0.334026 0.421118 169.000000 0.000000 14.492526 6.861661 -2.091073
19.000000 14.614638 60.541463 0.239000 -0.787803 0.701450 169.000000 0.000000 10.424637 7.045911 -2.119843
20.000000 171.302992 59.539271 0.971960 -0.078930 0.856724 169.000000 0.000000 2.977881 1.076552 -0.080088
21.000000 326.168199 66.710881 0.529648 -0.857733 0.682204 169.000000 0.000000 15.143851 6.795567 -2.080564
22.000000 347.018360 66.668771 0.439718 0.095370 -0.111309 169.000000 0.000000 9.772698 3.979745 -1.499638
23.000000 454.331006 68.472513 0.576491 0.127533 0.079126 169.000000 0.000000 13.660793 6.409209 -2.017011
24.000000 8.039265 68.910377 0.698263 -0.873895 -0.239425 169.000000 0.000000 27.507467 11.059771 -2.609365
25.000000 257.889014 74.746095 0.609959 0.543145 0.136402 169.000000 0.000000 21.561896 9.455890 -2.439256
26.000000 307.739412 76.458751 0.546484 -0.714418 0.458495 169.000000 0.000000 15.289072 6.992910 -2.111645
27.000000 463.829349 79.640253 0.613007 0.687894 0.705094 169.000000 0.000000 21.702224 8.433565 -2.315028
28.000000 131.057795 87.693655 0.904823 -0.432749 0.101585 169.000000 0.000000 2.388852 1.023331 -0.025040
29.000000 209.232365 89.929602 0.543337 -0.420137 -0.208787 169.000000 0.000000 1.502238 1.189410 -0.188329
30.000000 448.843044 90.317965 0.245610 0.222045 -0.459707 169.000000 0.000000 0.804038 1.168777 -0.169329
31.000000 182.241617 93.282259 0.854173 -0.449145 0.729692 169.000000 0.000000 33.087984 11.595594 -2.660732
32.000000 42.534476 94.559112 0.517678 -0.038688 0.416263 169.000000 0.000000 1.526861 1.002723 -0.002952
33.000000 304.153798 96.417978 0.949207 -0.188798 0.052626 169.000000 0.000000 2.408516 1.042122 -0.044797
34.000000 99.264385 98.104590 0.369016 -0.053170 -0.131551 169.000000 0.000000 12.713708 7.335631 -2.163594
35.000000 365.472669 104.072756 0.574499 0.077199 -0.476335 169.000000 0.000000 11.570286 4.575510 -1.651099
36.000000 397.287532 109.160337 0.630803 -0.740253 -0.391808 169.000000 0.000000 10.402337 3.489098 -1.356783
37.000000 72.165253 111.933804 0.593939 0.052933 0.164389 169.000000 0.000000 27.270922 11.289223 -2.631660
38.000000 17.175350 114.884777 0.948917 0.557427 0.956772 169.000000 0.000000 3.381446 1.250265 -0.242505
39.000000 206.906328 114.503383 0.760823 0.827829 -0.384488 169.000000 0.000000 20.493198 8.115923 -2.273345
40.000000 267.964902 114.113457 0.441751 -0.137117 -0.181596 169.000000 0.000000 1.061519 1.084482 -0.088056
41.000000 290.792375 113.621532 0.857460 -0.070670 -0.065121 169.000000 0.000000 41.445507 15.446351 -2.972065
42.000000 147.587292 113.834799 0.869680 0.955354 0.883378 169.000000 0.000000 19.817613 6.741014 -2.071813
43.000000 7.017427 121.243980 0.409086 -0.385407 -0.815768 169.000000 0.000000 1.215132 1.116854 -0.119991
44.000000 405.264702 121.908702 0.961491 -0.739765 0.253095 169.000000 0.000000 2.749897 1.079174 -0.082729
45.000000 132.235874 123.826273 0.474056 0.192841 0.175363 169.000000 0.000000 14.827197 6.983808 -2.110231
46.000000 352.727805 123.776872 0.738947 -0.905625 -0.088239 169.000000 0.000000 15.143532 5.467158 -1.844404
47.000000 477.346403 124.104317 0.608896 0.947559 -0.186376 169.000000 0.000000 16.461860 7.482284 -2.185085
48.000000 177.918478 126.054610 0.356413 0.465657 0.240501 169.000000 0.000000 5.627425 2.605016 -1.039526
49.000000 200.357946 130.381723 0.680417 0.231108 -0.211028 169.000000 0.000000 30.981623 13.049154 -2.788956
50.000000 313.412357 129.798067 0.893084 0.006325 -0.381495 169.000000 0.000000 31.744563 11.447674 -2.646793
51.000000 61.139152 132.576783 0.447335 -0.338545 -0.014542 169.000000 0.000000 1.253241 1.067468 -0.070887
52.000000 428.312142 135.073919 0.479966 -0.051966 0.687565 169.000000 0.000000 9.887565 4.084135 -1.527750
53.000000 10.985991 141.272770 0.473309 0.185320 0.797297 169.000000 0.000000 22.584093 10.262156 -2.528097
54.000000 264.041567 141.486691 0.517557 -0.261924 0.743737 169.000000 0.000000 1.618444 1.076526 -0.080061
55.000000 335.743430 141.528504 0.447839 -0.473806 -0.293136 169.000000 0.000000 12.606909 6.276827 -1.994350
56.000000 168.644045 144.778075 0.722582 -0.786833 -0.208701 169.000000 0.000000 2.742229 1.251234 -0.243346
57.000000 289.691769 146.220818 0.564034 0.721299 0.065562 169.000000 0.000000 1.773797 1.125183 -0.128058
58.000000 27.409424 146.074290 0.219402 -0.285983 -0.006709 169.000000 0.000000 0.597173 1.066290 -0.069689
59.000000 125.027907 147.225231 0.739268 -0.226036 0.568404 169.000000 0.000000 40.578685 15.938809 -3.006140
60.000000 495.967706 158.152581 0.513893 0.109714 0.633728 169.000000 0.000000 6.169672 2.714735 -1.084319
61.000000 477.392706 164.266337 0.218669 0.459870 -0.626707 169.000000 0.000000 0.206338 1.048193 -0.051103
62.000000 344.621537 166.405384 0.585321 0.402925 -0.331328 169.000000 0.000000 22.630798 9.985744 -2.498451
63.000000 450.370108 169.035356 0.204282 0.621891 0.128405 169.000000 0.000000 3.182232 1.756728 -0.611761
64.000000 93.722924 168.104869 0.394684 -0.634997 0.272194 169.000000 0.000000 1.013909 1.212936 -0.209595
65.000000 174.305412 172.155881 0.519832 -0.438268 0.993892 169.000000 0.000000 1.483701 1.084880 -0.088454
66.000000 128.701245 173.631780 0.455551 -0.352020 0.359399 169.000000 0.000000 1.427521 1.219618 -0.215560
67.000000 380.921871 174.233280 0.482856 0.316751 -0.115756 169.000000 0.000000 8.413685 4.035564 -1.514761
68.000000 5.199059 179.110139 0.931417 -0.071726 0.195862 169.000000 0.000000 9.871817 2.588970 -1.032818
69.000000 240.326439 181.169300 0.482382 -0.398905 -0.243594 169.000000 0.000000 9.817507 4.032978 -1.514065
70.000000 99.663791 181.387140 0.260731 0.133626 -0.072948 169.000000 0.000000 0.856959 1.009607 -0.010380
71.000000 265.181189 181.526588 0.958080 0.777676 0.632454 169.000000 0.000000 2.654214 1.044034 -0.046786
72.000000 479.853478 187.072956 0.569431 0.477364 0.296330 169.000000 0.000000 14.861504 6.093265 -1.962125
73.000000 179.711882 194.901584 0.501883 0.113009 -0.236959 169.000000 0.000000 1.181710 1.073212 -0.076714
74.000000 242.887258 198.076328 0.564961 -0.293726 0.076751 169.000000 0.000000 15.387901 7.285883 -2.156205
75.000000 48.670881 200.335529 0.816274 -0.111457 -0.195208 169.000000 0.000000 42.288706 16.291352 -3.029893
76.000000 100.241917 201.740396 0.277839 0.118585 0.053596 169.000000 0.000000 0.799859 1.070631 -0.074099
77.000000 302.291012 200.254357 0.503593 -0.467761 0.482419 169.000000 0.000000 1.305335 1.054050 -0.057153
78.000000 387.511817 204.798062 0.557339 0.032741 -0.029116 169.000000 0.000000 15.589894 6.647875 -2.056707
79.000000 157.041592 204.507151 0.395448 0.646186 -0.225505 169.000000 0.000000 11.166800 5.810242 -1.910486
80.000000 345.888828 213.381870 0.229067 0.941691 -0.363617 169.000000 0.000000 5.254146 3.447739 -1.343836
81.000000 305.368055 216.431206 0.529346 -0.053926 0.127189 169.000000 0.000000 20.821740 10.889442 -2.592514
82.000000 420.064363 216.172921 0.446397 0.549728 -0.381716 169.000000 0.000000 12.700599 5.966670 -1.939330
83.000000 324.021002 218.075573 0.587669 0.898066 -0.541629 169.000000 0.000000 15.986105 6.934662 -2.102563
84.000000 256.574846 219.723525 0.780911 -0.704142 0.682593 169.000000 0.000000 29.122687 11.009146 -2.604384
85.000000 394.154982 225.502928 0.306171 0.198496 -0.868869 169.000000 0.000000 0.784375 1.057209 -0.060403
86.000000 83.480660 226.146275 0.743046 -0.386144 0.070723 169.000000 0.000000 9.041132 2.851298 -1.137607
87.000000 407.049774 226.893364 0.678721 0.590084 -0.314434 169.000000 0.000000 1.527861 1.017992 -0.019361
88.000000 441.738700 230.250175 0.569764 -0.550678 0.283713 169.000000 0.000000 10.958935 4.272742 -1.576767
89.000000 283.689906 231.279997 0.417569 0.535839 -0.823419 169.000000 0.000000 10.882472 5.803771 -1.909276
90.000000 156.290567 233.631841 0.431779 0.635959 0.634055 169.000000 0.000000 13.700401 7.026320 -2.116820
91.000000 482.330908 236.612398 0.361195 -0.356497 -0.911824 169.000000 0.000000 0.821981 1.026824 -0.028740
92.000000 7.641105 238.796270 0.537096 0.166381 0.065955 169.000000 0.000000 9.773520 3.192065 -1.260179
93.000000 186.854092 239.277918 0.893260 0.148667 -0.847484 169.000000 0.000000 31.367984 10.886921 -2.592263
94.000000 301.884231 239.134979 0.333722 0.352967 -0.131855 169.000000 0.000000 6.101084 3.259032 -1.282721
95.000000 205.773588 240.030578 0.711201 -0.064229 0.117869 169.000000 0.000000 14.738269 5.438236 -1.838645
96.000000 133.538880 242.443099 0.236640 -0.222401 -0.263824 169.000000 0.000000 0.996500 1.165800 -0.166560
97.000000 292.782658 245.026999 0.961746 -0.578138 0.021861 169.000000 0.000000 38.663449 12.860794 -2.773169
98.000000 397.235811 247.151605 0.678247 0.342217 -0.524091 169.000000 0.000000 19.622209 7.692341 -2.215146
99.000000 446.889296 247.619522 0.448830 -0.780082 -0.260455 169.000000 0.000000 10.685157 4.480539 -1.628326
100.000000 42.754069 250.193170 0.429491 0.104030 -0.441474 169.000000 0.000000 8.414452 3.840682 -1.461021
101.000000 355.667345 252.129136 0.701793 -0.342686 -0.071796 169.000000 0.000000 30.775579 13.039957 -2.788190
102.000000 74.489291 259.963870 0.946927 -0.534723 -0.228701 169.000000 0.000000 46.060388 15.513993 -2.976809
103.000000 357.788696 265.811534 0.516383 -0.288800 -0.364269 169.000000 0.000000 1.665705 1.109293 -0.112616
104.000000 312.317727 267.728353 0.388353 0.310129 0.047462 169.000000 0.000000 1.380368 1.421615 -0.381955
105.000000 82.537813 267.556814 0.426107 -0.472949 0.263372 169.000000 0.000000 10.324502 4.501163 -1.633312
106.000000 477.794419 267.880309 0.572781 0.038986 -0.325240 169.000000 0.000000 17.805462 8.171280 -2.280725
107.000000 139.767638 275.066620 0.547916 -0.629558 -0.044539 169.000000 0.000000 21.305709 10.393963 -2.541953
108.000000 333.708094 277.223109 0.490516 -0.586677 -0.447387 169.000000 0.000000 1.006667 1.044734 -0.047514
109.000000 107.064145 286.197644 0.430358 0.917867 0.516157 169.000000 0.000000 1.065010 1.011116 -0.012003
110.000000 297.418045 289.023984 0.435482 0.487624 0.286893 169.000000 0.000000 1.246600 1.307969 -0.291493
111.000000 434.139346 288.704699 0.642637 0.176344 -0.237395 169.000000 0.000000 24.970890 10.180149 -2.519385
112.000000 229.263265 292.800034 0.291008 0.173280 0.030666 169.000000 0.000000 0.845349 1.233578 -0.227916
113.000000 412.646037 292.916356 0.516029 -0.404823 -0.001411 169.000000 0.000000 1.576471 1.112908 -0.116149
