2.953086666666666815e+02 4.023488888888888937e+01
2.953716249999999945e+02 4.018995277777777630e+01
2.953558750000000259e+02 4.019573055555554930e+01
2.953054166666666447e+02 4.021337222222222607e+01
2.953436249999999745e+02 4.021842777777777656e+01
2.953417499999999905e+02 4.020032777777777966e+01
2.953077499999999986e+02 4.015908333333333502e+01
2.952764166666666483e+02 4.019511666666666372e+01
2.953578749999999786e+02 4.020656388888889410e+01
2.952992083333333539e+02 4.017861388888888996e+01
2.953269999999999982e+02 4.023776388888889244e+01
2.953609999999999900e+02 4.021602777777778215e+01
