[(  1,  16.73479068, -6.96236134e-02,  0.06304183, 0.25108132, 0.28343325, 0.53238449, -2.80617122e-02,  0.07995773)
 (  2, 101.10427456,  8.61875569e-01,  0.36777232, 0.60644235, 0.54510474, 0.73831208,  1.92560086e-01,  0.36912775)
 (  3, 124.61477536,  1.47457943e+00,  0.4302013 , 0.65589733, 0.45878411, 0.67733603,  2.82734984e-01,  0.43818217)
 (  4, 127.34551348,  1.85612121e+00,  0.42956044, 0.6554086 , 0.41048588, 0.64069172,  2.97618544e-01,  0.44947197)
 (  5, 126.05193515,  2.58089024e+00,  0.50865385, 0.71319972, 0.50992562, 0.71409076,  3.44749181e-01,  0.48367055)
 (  6, 107.63120453,  4.04300070e+00,  0.3210602 , 0.56662174, 0.6763726 , 0.82241875,  1.03654722e-01,  0.30227286)
 (  7,  69.52174826,  4.68797750e+00,  0.28281433, 0.53180291, 0.57972669, 0.76139785,  9.64736069e-02,  0.28706788)
 (  8, 147.02809032,  6.88168637e+00,  0.23250405, 0.48218673, 0.49742013, 0.70528018,  7.26190067e-02,  0.25548953)
 (  9,  28.49280755,  1.06453300e+01,  0.17861997, 0.42263456, 0.33903405, 0.5822663 ,  6.96447437e-02,  0.23547754)
 ( 10, 190.09623818,  1.13638259e+01,  0.2124342 , 0.46090584, 0.75580193, 0.86936869, -3.05021390e-02,  0.18146591)
 ( 11, 197.98622361,  1.53740980e+01,  0.33585723, 0.57953191, 0.35143204, 0.59281704,  2.22896936e-01,  0.38898358)
 ( 12,  71.65771312,  1.72220067e+01,  0.20994546, 0.45819806, 0.50353934, 0.70960506,  4.80935332e-02,  0.23011072)
 ( 13,  27.27073522,  1.97914579e+01,  0.09587447, 0.30963602, 0.3005168 , 0.54819413, -7.20221060e-04,  0.13343077)
 ( 14, 167.06156759,  2.17605109e+01,  0.20473973, 0.45248175, 0.53714524, 0.73290193,  3.20859041e-02,  0.21690613)
 ( 15,  38.46159183,  2.68068425e+01,  0.05825415, 0.24135897, 0.36805996, 0.60667946, -6.00508352e-02,  0.04635486)
 ( 16,  75.76389408,  2.78009564e+01,  0.40461762, 0.63609561, 0.59276924, 0.76991509,  2.14084652e-01,  0.3886229 )
 ( 17,  59.82842002,  2.95660911e+01,  0.14208074, 0.37693598, 0.31261652, 0.5591212 ,  4.15968551e-02,  0.19721845)
 ( 18, 111.01987717,  2.92754420e+01,  0.21458336, 0.46323143, 0.66546068, 0.81575774,  6.85279937e-04,  0.20102358)
 ( 19, 134.61969957,  2.96631513e+01,  0.17534215, 0.41873877, 0.40891308, 0.63946312,  4.39058045e-02,  0.21319705)
 ( 20,  81.80588342,  3.18181134e+01,  0.32282163, 0.56817395, 0.586141  , 0.76559846,  1.34419167e-01,  0.32208873)
 ( 21,  16.11938174,  3.32669433e+01,  0.22401832, 0.47330573, 0.41352921, 0.64306237,  9.10982117e-02,  0.26660711)
 ( 22,  34.80626323,  3.42276197e+01,  0.09066601, 0.30110797, 0.27759576, 0.52687357,  1.43880097e-03,  0.13175575)
 ( 23, 104.31931472,  3.61388689e+01,  0.22921735, 0.4787665 , 0.48597688, 0.69712042,  7.30105001e-02,  0.25469208)
 ( 24,  29.99825455,  3.68648334e+01,  0.11939424, 0.34553472, 0.41569106, 0.64474108, -1.42207386e-02,  0.13829652)
 ( 25,  19.6667831 ,  3.97412720e+01,  0.32665109, 0.57153398, 0.40687851, 0.6378703 ,  1.95868715e-01,  0.36650425)
 ( 26,  58.87572117,  4.07304936e+01,  0.14443357, 0.38004418, 0.34935198, 0.59106004,  3.21418663e-02,  0.19006059)
 ( 27,  13.61386515,  4.08946100e+01,  0.17900745, 0.42309272, 0.37999978, 0.61644122,  5.68646629e-02,  0.2249509 )
 ( 28,  21.59111721,  4.08802657e+01,  0.30731068, 0.5543561 , 0.33781192, 0.5812159 ,  1.98728279e-01,  0.3675367 )
 ( 29,  18.27926539,  4.21603188e+01,  0.29477929, 0.5429358 , 0.27848172, 0.52771368,  2.05267305e-01,  0.37331355)
 ( 30, 187.55163896,  4.16420366e+01,  0.21044996, 0.45874825, 0.28529071, 0.53412612,  1.18749375e-01,  0.28706486)
 ( 31, 191.76578942,  4.50389366e+01,  0.14513248, 0.38096257, 0.26280877, 0.51264878,  6.06582319e-02,  0.21618261)
 ( 32, 138.30546048,  5.01677094e+01,  0.17214377, 0.41490212, 0.41544559, 0.64455069,  3.86076832e-02,  0.20772511)
 ( 33,  13.66816307,  5.23995098e+01,  0.1869077 , 0.43232823, 0.24702613, 0.49701723,  1.07506442e-01,  0.27257269)
 ( 34,  82.39533797,  5.26638259e+01,  0.13137339, 0.36245467, 0.75489207, 0.86884525, -1.11270488e-01,  0.08318298)
 ( 35, 129.59353614,  5.33172287e+01,  0.22179006, 0.47094592, 0.36814056, 0.60674588,  1.03459172e-01,  0.27592046)
 ( 36,  46.16536171,  5.48307458e+01,  0.18227346, 0.42693495, 0.30440221, 0.55172658,  8.44298894e-02,  0.24959427)
 ( 37,  58.24273026,  5.62576040e+01,  1.39574698, 1.18141737, 0.45904012, 0.677525  ,  1.24819837e+00,  0.96364147)
 ( 38,  89.35849673,  5.65999519e+01,  0.14950299, 0.38665617, 0.28697144, 0.53569715,  5.72621755e-02,  0.2144678 )
 ( 39, 110.1999279 ,  5.82331677e+01,  0.22034622, 0.46941049, 0.24897921, 0.49897817,  1.40317182e-01,  0.30902465)
 ( 40,  44.51668422,  5.87750038e+01,  0.09405363, 0.30668165, 0.3359253 , 0.57959062, -1.39223559e-02,  0.12038466)
 ( 41,  20.35980091,  6.11272104e+01,  0.14191799, 0.37672004, 0.29044704, 0.53893139,  4.85600146e-02,  0.20349209)
 ( 42,  33.43373847,  6.11408041e+01,  0.15380226, 0.39217631, 0.26758657, 0.5172877 ,  6.77922899e-02,  0.22590526)
 ( 43,  48.53694088,  6.60351798e+01,  0.14202753, 0.37686539, 0.39361694, 0.62738899,  1.55077963e-02,  0.17520465)
 ( 44,  49.87813558,  6.89010619e+01,  0.18609689, 0.43138949, 1.14153477, 1.06842631, -1.80824999e-01,  0.08796675)
 ( 45, 138.02251598,  6.96488361e+01,  0.11860144, 0.34438559, 0.19426992, 0.44076062,  5.61575370e-02,  0.20271253)
 ( 46,  90.97708494,  7.16232042e+01,  0.15110335, 0.38872015, 0.30744869, 0.55448056,  5.22805585e-02,  0.21049425)
 ( 47,  55.88172919,  7.17604489e+01,  0.82558947, 0.90861954, 0.91171367, 0.95483699,  5.32538648e-01,  0.60170766)
 ( 48,  81.62536871,  7.16452987e+01,  0.15464779, 0.39325283, 0.30489913, 0.55217673,  5.66444970e-02,  0.21576745)
 ( 49, 166.71460009,  7.50846518e+01,  0.11432044, 0.33811305, 0.24239183, 0.49233304,  3.64087757e-02,  0.17986314)
 ( 50,  83.80463817,  7.65397216e+01,  0.06736606, 0.25954973, 0.28882524, 0.53742464, -2.54706250e-02,  0.08680609)
 ( 51, 190.42256097,  7.62440435e+01,  0.23652991, 0.4863434 , 0.26696027, 0.51668198,  1.50721251e-01,  0.32026705)
 ( 52,  27.27782065,  7.71541217e+01,  0.13246968, 0.36396385, 0.39985551, 0.63234129,  3.94470008e-03,  0.16071129)
 ( 53, 182.05751246,  7.92906649e+01,  0.07143081, 0.26726543, 0.18216856, 0.42681209,  1.28766280e-02,  0.13007583)
 ( 54,  25.71944605,  8.11011046e+01,  0.18519328, 0.43034089, 0.33947001, 0.58264056,  7.60779196e-02,  0.24306357)
 ( 55,  81.68212651,  8.12232534e+01,  0.17962884, 0.42382643, 0.16097395, 0.40121558,  1.27887210e-01,  0.29486428)
 ( 56,  61.55308294,  8.17577245e+01,  0.18679304, 0.43219561, 0.49010106, 0.70007219,  2.92605580e-02,  0.20717241)
 ( 57,  64.95512338,  8.15277492e+01,  0.17212587, 0.41488055, 0.49407324, 0.70290344,  1.33166124e-02,  0.18894731)
 ( 58, 147.68095767,  8.38300938e+01,  0.10730116, 0.32756855, 0.17510972, 0.41846114,  5.10158918e-02,  0.19306319)
 ( 59, 110.71370607,  8.53777460e+01,  0.24989002, 0.49989001, 0.347804  , 0.5897491 ,  1.38095883e-01,  0.3103278 )
 ( 60,  50.11041105,  8.61054252e+01, 12.38061897, 3.51861034, 1.61227509, 1.26975395,  1.18623877e+01,  3.11047514)
 ( 61,  70.3182128 ,  8.61647653e+01,  0.17936869, 0.42351941, 0.34038413, 0.58342449,  6.99595022e-02,  0.23599011)
 ( 62,  32.95779991,  8.68504942e+01,  0.15591755, 0.39486396, 1.04007845, 1.01984236, -1.78393381e-01,  0.06705748)
 ( 63,  68.30311687,  8.80757121e+01,  0.13254136, 0.3640623 , 0.33695932, 0.58048198,  2.42330040e-02,  0.17747881)
 ( 64, 136.45140316,  8.93996541e+01,  0.10889558, 0.32999331, 0.23286322, 0.48255903,  3.40466866e-02,  0.17488505)
 ( 65,   3.94896256,  8.93993507e+01,  0.19190674, 0.43807162, 0.28306592, 0.5320394 ,  1.00921266e-01,  0.26705895)
 ( 66, 112.24466762,  9.27207492e+01,  0.13732758, 0.37057736, 0.32710737, 0.57193301,  3.21859263e-02,  0.18674175)
 ( 67,  63.45423858,  9.33172404e+01,  0.25541608, 0.50538706, 0.28710159, 0.53581862,  1.63133426e-01,  0.33315965)
 ( 68,  66.4612822 ,  9.29676037e+01,  0.22477584, 0.4741053 , 0.30408779, 0.55144156,  1.27033338e-01,  0.29685623)
 ( 69,  56.23542835,  9.64602354e+01,  0.15722184, 0.3965121 , 0.56621832, 0.7524748 , -2.47769017e-02,  0.1546452 )
 ( 70,  59.86370793,  9.54112673e+01,  0.14632922, 0.38253003, 0.4267626 , 0.65327069,  9.15552860e-03,  0.17255016)
 ( 71,  30.26461913,  9.73620808e+01,  0.57744495, 0.75989799, 0.82112771, 0.90616097,  3.13511046e-01,  0.46863197)
 ( 72,  95.80938096,  9.91229495e+01,  0.10633251, 0.32608666, 0.17969849, 0.42390859,  4.85722761e-02,  0.18983032)
 ( 73,   7.30966833,  1.01414336e+02,  0.3166595 , 0.56272507, 0.41725685, 0.64595422,  1.82541225e-01,  0.35509692)
 ( 74,  11.57015645,  1.01042357e+02,  0.2129616 , 0.46147762, 0.57136888, 0.75588947,  2.93073162e-02,  0.21851315)
 ( 75, 145.94868844,  1.01924722e+02,  0.18079765, 0.42520306, 0.19898472, 0.44607703,  1.16838275e-01,  0.28182116)
 ( 76,  26.6102426 ,  1.02563970e+02,  0.52428288, 0.72407381, 0.67527484, 0.82175109,  3.07230254e-01,  0.45993953)
 ( 77,  76.11961652,  1.04150817e+02,  0.16474151, 0.40588361, 0.23045622, 0.48005856,  9.06662936e-02,  0.25157908)
 ( 78, 122.8287515 ,  1.04464370e+02,  0.10952982, 0.3309529 , 0.24407901, 0.49404353,  3.10758502e-02,  0.17215319)
 ( 79, 174.37308412,  1.02398610e+02,  0.09674535, 0.31103914, 0.15463814, 0.39324056,  4.70402340e-02,  0.18464039)
 ( 80,  23.91635219,  1.04501519e+02,  0.48604718, 0.69717084, 0.62973652, 0.7935594 ,  2.83631868e-01,  0.44209817)
 ( 81, 161.61507602,  1.03798696e+02,  0.12512028, 0.35372346, 0.14459844, 0.38026102,  7.86422120e-02,  0.2314967 )
 ( 82, 148.46282508,  1.05951289e+02,  0.11635671, 0.34111101, 0.13612658, 0.36895336,  7.26017403e-02,  0.22251885)
 ( 83, 198.39151865,  1.08082942e+02,  0.07477294, 0.27344641, 0.15731894, 0.39663452,  2.42061335e-02,  0.14595674)
 ( 84,  77.55694032,  1.08948974e+02,  0.2311731 , 0.48080464, 0.22618337, 0.4755874 ,  1.58471300e-01,  0.32793727)
 ( 85,  17.15464586,  1.11598270e+02,  0.41311423, 0.64273963, 0.61622733, 0.78500149,  2.15041154e-01,  0.39041772)
 ( 86, 177.72214686,  1.10617060e+02,  0.10516599, 0.32429305, 0.28891304, 0.53750631,  1.23010812e-02,  0.15152317)
 ( 87,  12.14977881,  1.12133155e+02,  0.27201285, 0.52154851, 0.67667457, 0.82260232,  5.45103062e-02,  0.25714062)
 ( 88,  15.48192568,  1.13382096e+02,  0.40677855, 0.63779193, 0.64828996, 0.80516455,  1.98399632e-01,  0.37898904)
 ( 89,  23.7035108 ,  1.15897743e+02,  0.19903962, 0.44613857, 0.53501272, 0.73144564,  2.70712451e-02,  0.21103104)
 ( 90, 114.13002413,  1.19774198e+02,  0.10582072, 0.32530097, 0.1447404 , 0.38044764,  5.92970203e-02,  0.20301423)
 ( 91,  58.68144208,  1.19313653e+02,  0.21659114, 0.46539353, 0.21092   , 0.45926027,  1.48795430e-01,  0.31777416)
 ( 92, 155.37369942,  1.21571832e+02,  0.18768971, 0.4332317 , 0.13449976, 0.36674208,  1.44457642e-01,  0.31535032)
 ( 93, 180.91804846,  1.22858257e+02,  0.20011548, 0.44734269, 0.42139148, 0.64914674,  6.46682164e-02,  0.23868838)
 ( 94,  11.2276712 ,  1.28566701e+02,  0.37844824, 0.61518148, 0.82259157, 0.90696834,  1.14043810e-01,  0.32365594)
 ( 95,  26.43949644,  1.29453171e+02,  0.27693203, 0.52624331, 0.30659736, 0.55371235,  1.78382875e-01,  0.34826434)
 ( 96, 151.86098759,  1.28733602e+02,  0.08502793, 0.29159549, 0.26873446, 0.51839604, -1.35100167e-03,  0.12496819)
 ( 97, 144.58243289,  1.30064487e+02,  0.07509383, 0.27403253, 0.24396857, 0.49393174, -3.32464427e-03,  0.11526875)
 ( 98, 139.33451915,  1.33201197e+02,  0.09648499, 0.31062033, 0.2317277 , 0.48138103,  2.20010918e-02,  0.15589072)
 ( 99,  83.87841947,  1.35281459e+02,  0.08065096, 0.28399113, 0.21316457, 0.46169749,  1.21337810e-02,  0.13558837)
 (100, 115.05841553,  1.35890482e+02,  0.12987812, 0.36038608, 0.15112687, 0.3887504 ,  8.13016280e-02,  0.23543059)
 (101, 157.42482248,  1.36927254e+02,  0.1927761 , 0.43906275, 0.34576943, 0.58802162,  8.16359275e-02,  0.25005581)
 (102, 143.40076311,  1.38411667e+02,  0.09145   , 0.30240701, 0.2055636 , 0.45339121,  2.53759867e-02,  0.15667412)
 (103, 170.08201347,  1.38439473e+02,  0.02942748, 0.17154441, 0.44189042, 0.66474839, -1.12608722e-01, -0.04212472)
 (104, 174.22838373,  1.37755775e+02,  0.03301882, 0.18171083, 0.16807918, 0.40997461, -2.10066277e-02,  0.04993327)
 (105,  75.97892264,  1.39139384e+02,  0.16546645, 0.40677568, 0.40559536, 0.6368637 ,  3.50965153e-02,  0.20206949)
 (106, 115.86334804,  1.39688407e+02,  0.11544637, 0.33977401, 0.15358457, 0.39189867,  6.60799059e-02,  0.21380658)
 (107, 125.48482753,  1.42949018e+02,  0.26134989, 0.51122391, 0.17025054, 0.41261427,  2.06626499e-01,  0.3785979 )
 (108,   9.88889146,  1.43606309e+02,  0.20427718, 0.45197033, 0.70050381, 0.83696105, -2.08847604e-02,  0.18294714)
 (109,  20.7107069 ,  1.43937034e+02,  0.17584972, 0.41934439, 0.56585286, 0.75223192, -6.03155773e-03,  0.17755556)
 (110,  49.80418558,  1.46422179e+02,  0.13019316, 0.36082289, 0.45544352, 0.67486556, -1.61994027e-02,  0.14390182)
 (111, 152.93747599,  1.46465150e+02,  0.39083953, 0.62517159, 0.37145171, 0.60946838,  2.71444333e-01,  0.42927104)
 (112,  77.30372454,  1.49353874e+02,  0.28657531, 0.5353273 , 0.31026321, 0.55701276,  1.86847846e-01,  0.35628748)
 (113, 110.70311992,  1.49854320e+02,  0.09318954, 0.30526961, 0.24097608, 0.49089314,  1.57329398e-02,  0.14748253)
 (114, 197.17505258,  1.49748230e+02,  0.20250305, 0.45000338, 0.10289789, 0.32077701,  1.69428725e-01,  0.34689649)
 (115, 193.87784314,  1.54421175e+02,  0.12468927, 0.35311368, 0.14246208, 0.37744149,  7.88978869e-02,  0.2317932 )
 (116,  24.45784684,  1.56518734e+02,  0.26596656, 0.51571946, 0.73415503, 0.85682847,  2.99881588e-02,  0.24031031)
 (117, 117.53781754,  1.56703225e+02,  0.14007269, 0.37426286, 0.24793038, 0.49792607,  6.03807796e-02,  0.21421519)
 (118, 172.33313615,  1.56803644e+02,  0.24525239, 0.49522964, 0.27796211, 0.52722113,  1.55907429e-01,  0.3257657 )
 (119,  39.57934815,  1.57446514e+02,  0.13711682, 0.37029288, 0.5419487 , 0.73617165, -3.70809779e-02,  0.13366628)
 (120,  46.56714912,  1.58430377e+02,  0.23205418, 0.48172003, 0.63420579, 0.79637039,  2.82023227e-02,  0.22574383)
 (121, 138.91545402,  1.59426659e+02,  0.34290394, 0.58558   , 0.29311554, 0.54140146,  2.48688236e-01,  0.41155811)
 (122, 141.37251658,  1.61452417e+02,  0.21918295, 0.46816978, 0.31242969, 0.5589541 ,  1.18759116e-01,  0.28850596)
 (123, 111.2998627 ,  1.65757688e+02,  0.13312881, 0.36486821, 0.1473665 , 0.38388344,  8.57610087e-02,  0.2414771 )
 (124,   1.04663207,  1.68155723e+02,  0.48170121, 0.69404698, 0.75912296, 0.87127662,  2.37697400e-01,  0.41399378)
 (125, 188.94783085,  1.68305866e+02,  0.06027095, 0.24550143, 0.18979095, 0.43565002, -7.33278177e-04,  0.10547107)
 (126,  62.11616528,  1.70412700e+02,  0.212921  , 0.46143363, 0.32763544, 0.57239447,  1.07609607e-01,  0.27744969)
 (127, 159.39469776,  1.70876299e+02,  0.22270186, 0.47191298, 0.41720588, 0.64591475,  8.85999699e-02,  0.26429752)
 (128,  93.47375325,  1.72602567e+02,  0.13162454, 0.36280097, 0.27183396, 0.52137699,  4.42493427e-02,  0.19521551)
 (129,  27.16206724,  1.75144715e+02,  0.35423905, 0.59517985, 0.78266729, 0.88468485,  1.02667425e-01,  0.31081687)
 (130, 182.81750174,  1.73839527e+02,  0.13940212, 0.37336593, 0.19724509, 0.44412283,  7.60019101e-02,  0.23061216)
 (131, 121.60401887,  1.77011122e+02,  0.30231931, 0.5498357 , 0.28486747, 0.53372977,  2.10754763e-01,  0.37827971)
 (132,  79.9144869 ,  1.81556209e+02,  0.29370441, 0.54194503, 0.52486482, 0.72447555,  1.24997864e-01,  0.30907789)
 (133, 193.13693321,  1.83844327e+02,  0.10819609, 0.32893173, 0.22121368, 0.47033359,  3.70916876e-02,  0.17775308)
 (134,  39.50238119,  1.85167256e+02,  0.29741904, 0.54536138, 0.92417639, 0.96134093,  3.62342272e-04,  0.23635894)
 (135,  92.78236469,  1.84859473e+02,  0.22086488, 0.46996264, 0.45044308, 0.67115056,  7.60796031e-02,  0.25423567)
 (136,  99.98387502,  1.87065032e+02,  0.20484932, 0.45260283, 0.58713012, 0.76624416,  1.61289240e-02,  0.20631006)
 (137, 188.35526786,  1.87189528e+02,  0.18938894, 0.4351884 , 0.23692476, 0.48674918,  1.13234550e-01,  0.2787333 )
 (138,  13.58193418,  1.90644477e+02,  0.48447464, 0.69604213, 1.69326437, 1.30125492, -5.97889076e-02,  0.27778162)
 (139, 188.5488181 ,  1.90790001e+02,  0.20438501, 0.4520896 , 0.17096582, 0.41348014,  1.49431707e-01,  0.31918527)
 (140,  78.27702961,  1.92882437e+02,  0.25573052, 0.50569806, 0.65026262, 0.80638862,  4.67175379e-02,  0.24650171)
 (141, 124.69082899,  1.93211940e+02,  0.1162742 , 0.34099003, 0.42316911, 0.65051449, -1.97444418e-02,  0.13189609)
 (142,  13.89312933,  1.94555003e+02,  0.57775519, 0.76010209, 1.22313838, 1.10595587,  1.84603571e-01,  0.40461628)
 (143,  47.91456649,  1.94475776e+02,  0.44582861, 0.66770399, 0.95522366, 0.97735544,  1.38792438e-01,  0.35355403)
 (144,  11.09915498,  1.97283642e+02,  0.68299123, 0.82643284, 1.18563467, 1.08886853,  3.01894372e-01,  0.47643938)
 (145,  16.57698984,  1.97225235e+02,  0.61676974, 0.7853469 , 0.99533865, 0.9976666 ,  2.96839460e-01,  0.46466835)
 (146,  56.17724197,  1.98166718e+02,  0.24852796, 0.49852578, 0.74418623, 0.86266229,  9.32524787e-03,  0.22124147)
 (147,  61.08666436,  1.98060311e+02,  0.2695828 , 0.51921364, 0.69436576, 0.83328612,  4.63938055e-02,  0.25137168)]
