[(  1,  16.73479071, -6.96236118e-02,   444.94924293,  21.09381993,  2000.47186186,  44.7266347 , -1.98059570e+02,   6.71740164)
 (  2, 101.10427455,  8.61875588e-01,  2595.73705787,  50.94837629,  3847.34926911,  62.02700443,  1.35908908e+03,  31.01112486)
 (  3, 124.61477538,  1.47457946e+00,  3036.36084667,  55.10318346,  3238.09824458,  56.90429036,  1.99554355e+03,  36.8125187 )
 (  4, 127.3455135 ,  1.85612120e+00,  3031.83755775,  55.06212455,  2897.20935098,  53.82573125,  2.10059169e+03,  37.76099665)
 (  5, 126.05193514,  2.58089025e+00,  3590.07885099,  59.91726672,  3599.05504876,  59.99212497,  2.43323973e+03,  40.6340837 )
 (  6, 107.63120451,  4.04300070e+00,  2266.0429056 ,  47.60297152,  4773.83779452,  69.09296481,  7.31595043e+02,  25.39451854)
 (  7,  69.52174825,  4.68797749e+00,  1996.10353167,  44.6777744 ,  4091.71099851,  63.96648366,  6.80910711e+02,  24.11711894)
 (  8, 147.02809032,  6.88168638e+00,  1641.01357988,  40.50942581,  3510.7912798 ,  59.25193043,  5.12544954e+02,  21.46416246)
 (  9,  28.49280753,  1.06453301e+01,  1260.69976999,  35.50633335,  2392.90231707,  48.91730106,  4.91552597e+02,  19.78291515)
 ( 10, 190.09623806,  1.13638259e+01,  1499.36055128,  38.72157743,  5334.45003928,  73.03731944, -2.15284104e+02,  15.24529618)
 ( 11, 197.98622361,  1.53740980e+01,  2370.48035884,  48.68757909,  2480.40733561,  49.80368783,  1.57320657e+03,  32.67925086)
 ( 12,  71.65771314,  1.72220067e+01,  1481.79508638,  38.49409167,  3553.98066825,  59.6152722 ,  3.39444157e+02,  19.33203989)
 ( 13,  27.27073522,  1.97914579e+01,   676.68197193,  26.0131115 ,  2121.04759563,  46.05483231, -5.08332666e+00,  11.20977254)
 ( 14, 167.06156757,  2.17605109e+01,  1445.05303306,  38.013853  ,  3791.17112564,  61.57248677,  2.26462314e+02,  18.22269654)
 ( 15,  38.46159182,  2.68068425e+01,   411.15781934,  20.27702683,  2597.76722784,  50.96829645, -4.23838790e+02,   3.89436012)
 ( 16,  75.76389406,  2.78009564e+01,  2855.79116092,  53.43960223,  4183.76527251,  64.68203223,  1.51100947e+03,  32.64894902)
 ( 17,  59.82842003,  2.95660911e+01,  1002.80583172,  31.66710947,  2206.4473861 ,  46.97283706,  2.93590600e+02,  16.56869756)
 ( 18, 111.01987718,  2.92754420e+01,  1514.52935546,  38.91695478,  4696.82148847,  68.53336053,  4.83673417e+00,  16.88837461)
 ( 19, 134.61969954,  2.96631513e+01,  1237.56490069,  35.17904128,  2886.10852155,  53.72251368,  3.09887162e+02,  17.91109045)
 ( 20,  81.80588339,  3.18181134e+01,  2278.47508801,  47.73337554,  4136.98321936,  64.31938391,  9.48730482e+02,  27.05928785)
 ( 21,  16.11938174,  3.32669433e+01,  1581.12128509,  39.76331567,  2918.68918709,  54.02489377,  6.42971189e+02,  22.39817124)
 ( 22,  34.80626325,  3.42276197e+01,   639.92068802,  25.29665389,  1959.27085514,  44.26365143,  1.01550560e+01,  11.06905165)
 ( 23, 104.3193147 ,  3.61388689e+01,  1617.81606641,  40.22208392,  3430.02480859,  58.56641353,  5.15308092e+02,  21.39716529)
 ( 24,  29.99825456,  3.68648334e+01,   842.68457338,  29.02902965,  2933.94746725,  54.16592536, -1.00369970e+02,  11.61855364)
 ( 25,  19.66678311,  3.97412720e+01,  2305.50343268,  48.01565808,  2871.74856046,  53.58869785,  1.38244140e+03,  30.79071948)
 ( 26,  58.87572118,  4.07304936e+01,  1019.4121484 ,  31.92823408,  2465.72624697,  49.65607959,  2.26857283e+02,  15.96735136)
 ( 27,  13.6138651 ,  4.08946100e+01,  1263.4345816 ,  35.54482476,  2682.03844977,  51.78840068,  4.01350794e+02,  18.89855311)
 ( 28,  21.59111721,  4.08802657e+01,  2168.9987808 ,  46.57251083,  2384.27651097,  48.82905372,  1.40262419e+03,  30.87745785)
 ( 29,  18.27926538,  4.21603187e+01,  2080.55221212,  45.61307066,  1965.52400831,  44.33423094,  1.44877664e+03,  31.36278214)
 ( 30, 187.55163896,  4.16420365e+01,  1485.35581728,  38.54031397,  2013.58181216,  44.87295207,  8.38133092e+02,  24.11686509)
 ( 31, 191.76578941,  4.50389366e+01,  1024.3450481 ,  32.00539101,  1854.90429915,  43.06859994,  4.28125809e+02,  18.16191245)
 ( 32, 138.30546048,  5.01677094e+01,  1214.99069259,  34.85671665,  2932.2149659 ,  54.1499304 ,  2.72493025e+02,  17.45138188)
 ( 33,  13.66816306,  5.23995098e+01,  1319.19453503,  36.32071767,  1743.51039356,  41.7553636 ,  7.58780480e+02,  22.89935079)
 ( 34,  82.39533797,  5.26638259e+01,   927.23339067,  30.45050762,  5328.02819325,  72.9933432 , -7.85347100e+02,   6.98836159)
 ( 35, 129.59353615,  5.33172287e+01,  1565.39428097,  39.56506432,  2598.33603973,  50.97387633,  7.30214840e+02,  23.18060407)
 ( 36,  46.16536171,  5.48307458e+01,  1286.48604775,  35.86761792,  2148.47075988,  46.35159951,  5.95906161e+02,  20.96888951)
 ( 37,  58.24273026,  5.62576040e+01,  9851.18212141,  99.25312154,  3239.90519042,  56.92016557,  8.80978402e+03,  80.95735404)
 ( 38,  89.35849674,  5.65999519e+01,  1055.19212982,  32.4837205 ,  2025.44439149,  45.00493751,  4.04156433e+02,  18.01784773)
 ( 39, 110.19992792,  5.82331677e+01,  1555.20357621,  39.43607052,  1757.29530298,  41.92010611,  9.90358657e+02,  25.9617507 )
 ( 40,  44.5166842 ,  5.87750038e+01,   663.83053458,  25.76490889,  2370.96074678,  48.69251243, -9.82639912e+01,  10.11374417)
 ( 41,  20.35980095,  6.11272104e+01,  1001.65718211,  31.64896775,  2049.97518546,  45.27665162,  3.42736587e+02,  17.0957583 )
 ( 42,  33.43373845,  6.11408041e+01,  1085.53634159,  32.94747856,  1888.62598852,  43.45832492,  4.78477988e+02,  18.97873126)
 ( 43,  48.53694086,  6.60351798e+01,  1002.43028932,  31.66117934,  2778.1483655 ,  52.70814357,  1.09454029e+02,  14.71927605)
 ( 44,  49.87813558,  6.89010619e+01,  1313.47188261,  36.24185235,  8056.95244747,  89.76052895, -1.27626283e+03,   7.39025376)
 ( 45, 138.02251599,  6.96488361e+01,   837.08895789,  28.93248969,  1371.15706655,  37.02913801,  3.96359901e+02,  17.03026676)
 ( 46,  90.97708495,  7.16232042e+01,  1066.48746127,  32.65711922,  2169.97288628,  46.58296757,  3.68996176e+02,  17.6840225 )
 ( 47,  55.88172937,  7.17604489e+01,  5827.01042524,  76.33485751,  6434.87505068,  80.21767335,  3.75865773e+03,  50.55060536)
 ( 48,  81.62536867,  7.16452987e+01,  1091.50410932,  33.03791911,  2151.97808748,  46.38941774,  3.99796867e+02,  18.12703483)
 ( 49, 166.71460008,  7.50846518e+01,   806.873625  ,  28.40552072,  1710.80152531,  41.36183671,  2.56973135e+02,  15.11064463)
 ( 50,  83.80463817,  7.65397216e+01,   475.46966571,  21.80526673,  2038.52859632,  45.15006737, -1.79771669e+02,   7.29274508)
 ( 51, 190.42256096,  7.62440435e+01,  1669.42813718,  40.85863632,  1884.20561986,  43.40743739,  1.06379062e+03,  26.90624573)
 ( 52,  27.27782061,  7.71541217e+01,   934.97104068,  30.5772965 ,  2822.180174  ,  53.12419566,  2.78416990e+01,  13.50166217)
 ( 53, 182.05751246,  7.92906649e+01,   504.15863734,  22.45347749,  1285.74572529,  35.85729679,  9.08832256e+01,  10.92791781)
 ( 54,  25.71944605,  8.11011046e+01,  1307.09418861,  36.15375761,  2395.97936067,  48.9487424 ,  5.36957966e+02,  20.42023327)
 ( 55,  81.68212652,  8.12232534e+01,  1267.82033579,  35.60646485,  1136.15409723,  33.70688489,  9.02627947e+02,  24.77210899)
 ( 56,  61.55308294,  8.17577245e+01,  1318.3852907 ,  36.30957598,  3459.13329581,  58.814397  ,  2.06521017e+02,  17.40494837)
 ( 57,  64.95512338,  8.15277493e+01,  1214.86438982,  34.8549049 ,  3487.16894613,  59.05225585,  9.39886571e+01,  15.87382266)
 ( 58, 147.68095769,  8.38300938e+01,   757.33158693,  27.51965838,  1235.92443258,  35.15571708,  3.60070162e+02,  16.21960646)
 ( 59, 110.71370608,  8.53777460e+01,  1763.72383616,  41.99671243,  2454.80059395,  49.54594434,  9.74680788e+02,  26.07123032)
 ( 60,  50.11041104,  8.61054253e+01, 87382.40888688, 295.60515491, 11379.43757189, 106.67444639,  8.37247325e+04, 261.31694   )
 ( 61,  70.3182128 ,  8.61647653e+01,  1265.98420183,  35.58067169,  2402.43122229,  49.014602  ,  4.93774166e+02,  19.82597819)
 ( 62,  32.95779989,  8.68504942e+01,  1100.4660468 ,  33.17327262,  7340.87369388,  85.67889889, -1.25910050e+03,   5.63362654)
 ( 63,  68.30311687,  8.80757121e+01,   935.47690877,  30.5855672 ,  2378.25892488,  48.7673961 ,  1.71036540e+02,  14.91033274)
 ( 64, 136.45140315,  8.93996541e+01,   768.58499033,  27.72336472,  1643.54858935,  40.54070278,  2.40301515e+02,  14.69242454)
 ( 65,   3.94896254,  8.93993507e+01,  1354.47779043,  36.80323065,  1997.87929353,  44.69764291,  7.12302303e+02,  22.43613114)
 ( 66, 112.24466764,  9.27207492e+01,   969.2580448 ,  31.13290947,  2308.72378448,  48.04918108,  2.27168257e+02,  15.68852983)
 ( 67,  63.45423858,  9.33172404e+01,  1802.72670578,  42.45852908,  2026.36299099,  45.01514167,  1.15139574e+03,  27.9893764 )
 ( 68,  66.46128219,  9.29676037e+01,  1586.46790538,  39.83048928,  2146.25160578,  46.32765502,  8.96601318e+02,  24.9394573 )
 ( 69,  56.23542836,  9.64602354e+01,  1109.67176905,  33.31173548,  3996.36892353,  63.21684032, -1.74875385e+02,  12.99203681)
 ( 70,  59.86370796,  9.54112673e+01,  1032.79165804,  32.1370763 ,  3012.09044942,  54.88251472,  6.46197279e+01,  14.496268  )
 ( 71,  30.26461912,  9.73620807e+01,  4075.60645655,  63.8404769 ,  5795.51939895,  76.12830864,  2.21276094e+03,  39.37066341)
 ( 72,  95.80938095,  9.91229495e+01,   750.49483733,  27.39516082,  1268.31198533,  35.613368  ,  3.42823128e+02,  15.94800682)
 ( 73,   7.30966829,  1.01414336e+02,  2234.98274861,  47.27560436,  2944.99884637,  54.26784341,  1.28837598e+03,  29.83236898)
 ( 74,  11.57015643,  1.01042357e+02,  1503.08295715,  38.76961411,  4032.72159315,  63.50371313,  2.06851016e+02,  18.35770632)
 ( 75, 145.94868844,  1.01924722e+02,  1276.06979794,  35.72211963,  1404.43415949,  37.47578089,  8.24644532e+02,  23.67633292)
 ( 76,  26.61024261,  1.02563970e+02,  3700.38856284,  60.83081939,  4766.08978496,  69.03687277,  2.16843113e+03,  38.640396  )
 ( 77,  76.11961652,  1.04150817e+02,  1162.74555594,  34.09905504,  1626.56003585,  40.33063346,  6.39922687e+02,  21.13563714)
 ( 78, 122.8287515 ,  1.04464370e+02,   773.06146193,  27.80398321,  1722.70966751,  41.50553819,  2.19333355e+02,  14.46291736)
 ( 79, 174.37308414,  1.02398610e+02,   682.82868126,  26.13099088,  1091.43598669,  33.03688832,  3.32009971e+02,  15.51199106)
 ( 80,  23.9163522 ,  1.04501519e+02,  3430.52098795,  58.57064924,  4444.68035889,  66.66843614,  2.00187373e+03,  37.14150905)
 ( 81, 161.61507601,  1.03798696e+02,   883.09894451,  29.71698073,  1020.57580032,  31.94645173,  5.55056723e+02,  19.44847838)
 ( 82, 148.46282507,  1.05951289e+02,   821.24567974,  28.6573844 ,   960.78142425,  30.99647438,  5.12423079e+02,  18.69423192)
 ( 83, 198.39151866,  1.08082942e+02,   527.74738043,  22.97275284,  1110.35708201,  33.32202123,  1.70846890e+02,  12.26210316)
 ( 84,  77.55694031,  1.08948974e+02,  1631.61974597,  40.3933129 ,  1596.40225295,  39.95500274,  1.11849045e+03,  27.55063345)
 ( 85,  17.15464585,  1.11598270e+02,  2915.76022461,  53.99778004,  4349.33253031,  65.94946984,  1.51776048e+03,  32.79973617)
 ( 86, 177.72214689,  1.10617060e+02,   742.26153324,  27.24447704,  2039.14822277,  45.15692891,  8.68210331e+01,  12.72974989)
 ( 87,  12.14977876,  1.12133155e+02,  1919.8666415 ,  43.81628308,  4775.96908335,  69.10838679,  3.84733722e+02,  21.60287304)
 ( 88,  15.48192567,  1.13382096e+02,  2871.04298808,  53.58211461,  4575.63053384,  67.64340719,  1.40030460e+03,  31.83959087)
 ( 89,  23.70351079,  1.15897743e+02,  1404.8216399 ,  37.48095011,  3776.11979472,  61.45014074,  1.91068849e+02,  17.72911916)
 ( 90, 114.13002414,  1.19774198e+02,   746.88263683,  27.32915355,  1021.57776136,  31.96213005,  4.18518356e+02,  17.05561175)
 ( 91,  58.68144209,  1.19313653e+02,  1528.70028378,  39.09859704,  1488.67332561,  38.58332957,  1.05019814e+03,  26.69681254)
 ( 92, 155.37369943,  1.21571832e+02,  1324.7139615 ,  36.39662021,   949.29927155,  30.81070081,  1.01958205e+03,  26.49318066)
 ( 93, 180.91804844,  1.22858257e+02,  1412.41504628,  37.58211101,  2974.1810704 ,  54.53605316,  4.56428274e+02,  20.05266536)
 ( 94,  11.22767123,  1.28566701e+02,  2671.08767516,  51.68256668,  5805.85121845,  76.19613614,  8.04921212e+02,  27.1909515 )
 ( 95,  26.43949641,  1.29453171e+02,  1954.58624512,  44.21070271,  2163.96416025,  46.51842784,  1.25902634e+03,  29.2583509 )
 ( 96, 151.86098759,  1.28733602e+02,   600.12713327,  24.49749267,  1896.72781318,  43.55143872, -9.53537811e+00,  10.49881594)
 ( 97, 144.58243289,  1.30064487e+02,   530.01221794,  23.02199404,  1721.93017711,  41.49614655, -2.34653390e+01,   9.68394693)
 ( 98, 139.33451916,  1.33201197e+02,   680.99109192,  26.09580597,  1635.5340974 ,  40.44173709,  1.55283703e+02,  13.09667619)
 ( 99,  83.87841947,  1.35281459e+02,   569.23450345,  23.85863562,  1504.51551479,  38.78808471,  8.56402308e+01,  11.39103697)
 (100, 115.05841552,  1.35890482e+02,   916.6797814 ,  30.27672019,  1066.65346963,  32.65966125,  5.73826880e+02,  19.77897193)
 (101, 157.42482249,  1.36927254e+02,  1360.61370286,  36.88649779,  2440.44062016,  49.40081608,  5.76186361e+02,  21.00766405)
 (102, 143.40076311,  1.38411667e+02,   645.45410059,  25.40578901,  1450.86785255,  38.09025923,  1.79103719e+02,  13.1624914 )
 (103, 170.08201346,  1.38439473e+02,   207.69917573,  14.41177213,  3118.86256585,  55.84677735, -7.94792363e+02,  -3.53897773)
 (104, 174.22838374,  1.37755775e+02,   233.04685647,  15.26587214,  1186.30286246,  34.44274739, -1.48264778e+02,   4.19498905)
 (105,  75.97892263,  1.39139384e+02,  1167.86222907,  34.17399969,  2862.69209934,  53.50413156,  2.47711197e+02,  16.97624312)
 (106, 115.86334805,  1.39688407e+02,   814.8205082 ,  28.54506079,  1083.99989597,  32.92415363,  4.66391970e+02,  17.96229712)
 (107, 125.48482751,  1.42949018e+02,  1844.60749682,  42.94889377,  1201.62830257,  34.66451086,  1.45836983e+03,  31.80672957)
 (108,   9.88889145,  1.43606309e+02,  1441.78831048,  37.97088762,  4944.15588844,  70.31469187, -1.47404654e+02,  15.36973666)
 (109,  20.71070689,  1.43937034e+02,  1241.14730944,  35.22992071,  3993.78946304,  63.19643545, -4.25707323e+01,  14.91678074)
 (110,  49.80418558,  1.46422179e+02,   918.90332273,  30.31341807,  3214.52039993,  56.69674076, -1.14335377e+02,  12.08946568)
 (111, 152.93747599,  1.46465150e+02,  2758.54537876,  52.5218566 ,  2621.70614796,  51.20259905,  1.91585412e+03,  36.06387833)
 (112,  77.30372453,  1.49353874e+02,  2022.64852084,  44.97386459,  2189.83770894,  46.79570175,  1.31877211e+03,  29.93238903)
 (113, 110.70311997,  1.49854320e+02,   657.73174051,  25.64628136,  1700.80915594,  41.2408673 ,  1.11043083e+02,  12.3902883 )
 (114, 197.17505258,  1.49748230e+02,  1429.26650115,  37.80564129,   726.25330521,  26.94908765,  1.19582794e+03,  29.14343454)
 (115, 193.87784313,  1.54421175e+02,   880.05685853,  29.66575279,  1005.49735998,  31.70957856,  5.56861279e+02,  19.47338825)
 (116,  24.45784687,  1.56518734e+02,  1877.19198702,  43.32657338,  5181.66619002,  71.98379126,  2.11656426e+02,  20.18892619)
 (117, 117.53781754,  1.56703225e+02,   988.63301896,  31.44253503,  1749.89260582,  41.83171745,  4.26167539e+02,  17.99662585)
 (118, 172.33313611,  1.56803644e+02,  1730.99138058,  41.60518474,  1961.8566245 ,  44.29285071,  1.10039461e+03,  27.36819701)
 (119,  39.5793481 ,  1.57446514e+02,   967.77048849,  31.10900998,  3825.07387427,  61.8471819 , -2.61717543e+02,  11.22955865)
 (120,  46.5671491 ,  1.58430377e+02,  1637.83842646,  40.47021665,  4476.22448176,  66.90459248,  1.99051986e+02,  18.96516906)
 (121, 138.91545408,  1.59426659e+02,  2420.21604691,  49.19569086,  2068.80946471,  45.48416711,  1.75524158e+03,  34.57578001)
 (122, 141.37251656,  1.61452417e+02,  1546.99323835,  39.33183479,  2205.12874869,  46.95879851,  8.38201855e+02,  24.23793527)
 (123, 111.29986273,  1.65757688e+02,   939.6231557 ,  30.6532729 ,  1040.11275424,  32.25077914,  6.05301199e+02,  20.28695103)
 (124,   1.04663208,  1.68155723e+02,  3399.84718721,  58.30820903,  5357.88981848,  73.1976084 ,  1.67766832e+03,  34.78040633)
 (125, 188.94783085,  1.68305866e+02,   425.39238793,  20.62504254,  1339.54450034,  36.59978837, -5.17548718e+00,   8.86082485)
 (126,  62.11616529,  1.70412700e+02,  1502.7963916 ,  38.76591817,  2312.45091021,  48.08794971,  7.59508599e+02,  23.30907719)
 (127, 159.39469775,  1.70876299e+02,  1571.82971569,  39.64630756,  2944.63908814,  54.2645285 ,  6.25338580e+02,  22.20413768)
 (128,  93.47375327,  1.72602567e+02,   929.00602469,  30.47959976,  1918.60409267,  43.80187329,  3.12311852e+02,  16.4004262 )
 (129,  27.16206725,  1.75144715e+02,  2500.21924525,  50.00219208,  5524.06574397,  74.32405882,  7.24626685e+02,  26.11231603)
 (130, 182.81750174,  1.73839527e+02,   983.90014479,  31.36718291,  1392.15584028,  37.3116045 ,  5.36421482e+02,  19.37416718)
 (131, 121.60401885,  1.77011122e+02,  2133.76966642,  46.19274488,  2010.59459594,  44.83965441,  1.48750712e+03,  31.77999882)
 (132,  79.91448689,  1.81556209e+02,  2072.96573666,  45.52983337,  3704.49589501,  60.86456995,  8.82234913e+02,  25.9662216 )
 (133, 193.13693323,  1.83844327e+02,   763.64796188,  27.63418083,  1561.32618744,  39.51362027,  2.61793116e+02,  14.93337432)
 (134,  39.50238119,  1.85167256e+02,  2099.1835865 ,  45.81684809,  6522.83698215,  80.76408216,  2.55741367e+00,  19.85696453)
 (135,  92.78236469,  1.84859473e+02,  1558.86430865,  39.48245564,  3179.22725537,  56.38463678,  5.36969834e+02,  21.35882239)
 (136,  99.983875  ,  1.87065032e+02,  1445.82648467,  38.02402494,  4143.9643591 ,  64.37363059,  1.13837941e+02,  17.33250082)
 (137, 188.3552678 ,  1.87189528e+02,  1336.70712369,  36.56100528,  1672.21498683,  40.89272544,  7.99209449e+02,  23.41691496)
 (138,  13.58193416,  1.90644477e+02,  3419.42201867,  58.47582415, 11951.05989459, 109.32090305, -4.21990090e+02,  23.33696245)
 (139, 188.5488181 ,  1.90790001e+02,  1442.54939692,  37.98090852,  1206.67678225,  34.73725321,  1.05468900e+03,  26.81536284)
 (140,  78.27702962,  1.92882437e+02,  1804.94601587,  42.48465626,  4589.55355201,  67.74624381,  3.29732374e+02,  20.70907789)
 (141, 124.69082899,  1.93211940e+02,   820.66330105,  28.64722161,  2986.72754631,  54.65096094, -1.39356267e+02,  11.0808413 )
 (142,  13.8931293 ,  1.94555003e+02,  4077.79612912,  63.85762391,  8632.91069034,  92.91345793,  1.30293198e+03,  33.99258386)
 (143,  47.91456649,  1.94475776e+02,  3146.65837068,  56.09508311,  6741.96861819,  82.1094914 ,  9.79597029e+02,  29.70274659)
 (144,  11.09915497,  1.97283642e+02,  4820.55206757,  69.43019548,  8368.20939791,  91.47791757,  2.13077048e+03,  40.02657912)
 (145,  16.57698985,  1.97225235e+02,  4353.16080656,  65.97848783,  7025.10024115,  83.81587086,  2.09509287e+03,  39.0376722 )
 (146,  56.17724196,  1.98166718e+02,  1754.11035878,  41.88210091,  5252.46636234,  72.47390153,  6.58175995e+01,  18.58691828)
 (147,  61.08666438,  1.98060311e+02,  1902.71541109,  43.62012629,  4900.8335633 ,  70.00595396,  3.27447480e+02,  21.11821252)]
