[(  1,  16.73479068, -6.96236134e-02,  3.28589419e-02, 0.00298864,  1.97031947e-01, 0.00633701, -3.04727553e-02,  0.00095174)
 (  2, 101.10427456,  8.61875569e-01,  3.67772324e-01, 0.00721853,  5.41780038e-01, 0.00878818,  1.93628740e-01,  0.00439376)
 (  3, 124.61477536,  1.47457943e+00,  4.30201304e-01, 0.0078072 ,  4.41102429e-01, 0.00806238,  2.88418381e-01,  0.00521572)
 (  4, 127.34551348,  1.85612121e+00,  4.28644018e-01, 0.00780138,  3.87558890e-01, 0.0076262 ,  3.04071518e-01,  0.0053501 )
 (  5, 126.05193515,  2.58089024e+00,  5.08653846e-01, 0.00848927,  4.84411462e-01, 0.00849988,  3.52950161e-01,  0.00575717)
 (  6, 107.63120453,  4.04300070e+00,  3.18638947e-01, 0.00674454,  6.76372600e-01, 0.00978931,  1.01233469e-01,  0.00359798)
 (  7,  69.52174826,  4.68797750e+00,  2.76215566e-01, 0.00633009,  5.58381071e-01, 0.00906298,  9.67359361e-02,  0.00341699)
 (  8, 147.02809032,  6.88168637e+00,  2.26832890e-01, 0.0057395 , -9.56773671e-03, 0.008395  ,  2.29908234e-01,  0.00304111)
 (  9,  28.49280755,  1.06453300e+01,  1.12362602e-01, 0.00503065,  2.02840520e-01, 0.00693076,  4.71638632e-02,  0.00280291)
 ( 10, 190.09623818,  1.13638259e+01,  1.97185270e-01, 0.0054862 ,  7.51566040e-01, 0.01034816, -4.43895289e-02,  0.00216   )
 ( 11, 197.98622361,  1.53740980e+01,  3.35857235e-01, 0.00689821,  3.44977244e-01, 0.00705635,  2.24971692e-01,  0.0046301 )
 ( 12,  71.65771312,  1.72220067e+01,  1.30907627e-01, 0.00545397,  4.67609951e-01, 0.00844648, -1.93955719e-02,  0.00273903)
 ( 13,  27.27073522,  1.97914579e+01,  5.36026079e-02, 0.00368562, -4.50349894e-02, 0.0065252 ,  6.80781402e-02,  0.00158824)
 ( 14, 167.06156759,  2.17605109e+01,  1.71250116e-01, 0.00538592,  5.05207371e-01, 0.00872379,  8.86203232e-03,  0.00258185)
 ( 15,  38.46159183,  2.68068425e+01, -6.86801643e-02, 0.00287291,  5.21471742e-02, 0.00722135, -8.54417560e-02,  0.00055177)
 ( 16,  75.76389408,  2.78009564e+01,  4.04495158e-01, 0.00757149,  5.21656197e-01, 0.00916436,  2.36819952e-01,  0.00462581)
 ( 17,  59.82842002,  2.95660911e+01,  1.14440110e-01, 0.0044867 ,  2.38823704e-01, 0.00665526,  3.76753479e-02,  0.00234751)
 ( 18, 111.01987717,  2.92754420e+01,  2.10865991e-01, 0.00551388,  6.50468877e-01, 0.00971003,  1.78670961e-03,  0.0023928 )
 ( 19, 134.61969957,  2.96631513e+01,  1.35582795e-01, 0.00498428,  3.36964982e-01, 0.00761158,  2.72726221e-02,  0.0025377 )
 ( 20,  81.80588342,  3.18181134e+01,  3.16458387e-01, 0.00676302,  5.51646205e-01, 0.00911298,  1.39143535e-01,  0.00383385)
 ( 21,  16.11938174,  3.32669433e+01,  2.07000382e-01, 0.00563379,  2.49499153e-01, 0.00765442,  1.26804225e-01,  0.00317344)
 ( 22,  34.80626323,  3.42276197e+01,  2.43642437e-02, 0.00358411, -6.92970161e-02, 0.00627142,  4.66382846e-02,  0.0015683 )
 ( 23, 104.31931472,  3.61388689e+01,  2.12227703e-01, 0.00569879,  4.72928323e-01, 0.00829788,  6.02150273e-02,  0.00303162)
 ( 24,  29.99825455,  3.68648334e+01,  1.02596931e-01, 0.00411293,  3.13812479e-01, 0.0076744 ,  1.72863383e-03,  0.00164615)
 ( 25,  19.6667831 ,  3.97412720e+01,  3.14886431e-01, 0.00680301,  2.77369780e-01, 0.00759262,  2.25731859e-01,  0.00436253)
 ( 26,  58.87572117,  4.07304936e+01,  1.06179450e-01, 0.00452369,  2.81157554e-01, 0.00703543,  1.58073794e-02,  0.00226231)
 ( 27,  13.61386515,  4.08946100e+01,  1.60413608e-01, 0.0050361 ,  2.49082901e-01, 0.00733755,  8.03512471e-02,  0.00267761)
 ( 28,  21.59111721,  4.08802657e+01,  2.94663877e-01, 0.00659854,  1.82603706e-01, 0.00691826,  2.35969828e-01,  0.00437482)
 ( 29,  18.27926539,  4.21603188e+01,  2.80435739e-01, 0.00646261,  1.84286984e-01, 0.00628142,  2.21200637e-01,  0.00444358)
 ( 30, 187.55163896,  4.16420366e+01,  1.69806079e-01, 0.00546051,  2.26436505e-01, 0.00635774,  9.70229170e-02,  0.00341695)
 ( 31, 191.76578942,  4.50389366e+01,  1.31939337e-01, 0.00453463,  1.07865782e-01, 0.0061021 ,  9.72681931e-02,  0.00257324)
 ( 32, 138.30546048,  5.01677094e+01,  1.52587338e-01, 0.00493861, -7.70405048e-01, 0.00767214,  4.00217532e-01,  0.00247257)
 ( 33,  13.66816307,  5.23995098e+01,  1.60289999e-01, 0.00514604,  5.79529051e-02, 0.00591603,  1.41662279e-01,  0.00324445)
 ( 34,  82.39533797,  5.26638259e+01,  9.45907410e-02, 0.00431433,  5.22588057e-01, 0.01034193, -7.33839915e-02,  0.00099013)
 ( 35, 129.59353614,  5.33172287e+01,  2.02291959e-01, 0.0056057 ,  2.92057215e-01, 0.00722214,  1.08416426e-01,  0.0032843 )
 ( 36,  46.16536171,  5.48307458e+01,  1.65106516e-01, 0.00508184,  1.24393525e-02, 0.00656724,  1.61108153e-01,  0.00297094)
 ( 37,  58.24273026,  5.62576040e+01,  1.39574698e+00, 0.0140625 ,  3.77023024e-01, 0.00806463,  1.27456101e+00,  0.0114703 )
 ( 38,  89.35849673,  5.65999519e+01,  1.42341325e-01, 0.0046024 ,  1.99895881e-01, 0.00637644,  7.80890773e-02,  0.00255283)
 ( 39, 110.1999279 ,  5.82331677e+01,  1.82631343e-01, 0.00558743,  1.43579569e-01, 0.00593937,  1.36480768e-01,  0.00367834)
 ( 40,  44.51668422,  5.87750038e+01, -6.59659257e-03, 0.00365045,  1.59486595e-01, 0.00689891, -5.78601410e-02,  0.00143295)
 ( 41,  20.35980091,  6.11272104e+01,  1.36324823e-01, 0.00448413,  2.21327373e-01, 0.00641494,  6.51838820e-02,  0.00242218)
 ( 42,  33.43373847,  6.11408041e+01,  8.19762340e-02, 0.0046681 ,  6.77547881e-02, 0.00615731,  6.01979093e-02,  0.00268897)
 ( 43,  48.53694088,  6.60351798e+01,  9.36595615e-02, 0.00448586,  1.20402121e-01, 0.00746786,  5.49588798e-02,  0.00208547)
 ( 44,  49.87813558,  6.89010619e+01,  1.16590925e-01, 0.00513486,  1.02436368e+00, 0.01271756, -2.12668829e-01,  0.00104707)
 ( 45, 138.02251598,  6.96488361e+01,  6.41151207e-02, 0.00409925,  4.93010503e-02, 0.00524641,  4.82683546e-02,  0.0024129 )
 ( 46,  90.97708494,  7.16232042e+01,  1.07978602e-01, 0.00462697,  1.79104442e-01, 0.00660002,  5.04093171e-02,  0.00250553)
 ( 47,  55.88172919,  7.17604489e+01,  8.25589470e-01, 0.01081537,  8.28712509e-01, 0.0113655 ,  5.59217592e-01,  0.00716217)
 ( 48,  81.62536871,  7.16452987e+01,  1.33991703e-01, 0.00468092,  1.52600969e-01, 0.0065726 ,  8.49413915e-02,  0.0025683 )
 ( 49, 166.71460009,  7.50846518e+01,  9.89585849e-02, 0.00402459,  1.36769661e-01, 0.00586028,  5.49969081e-02,  0.00214092)
 ( 50,  83.80463817,  7.65397216e+01, -2.88160965e-03, 0.00308944,  1.57975206e-01, 0.00639701, -5.36593543e-02,  0.00103326)
 ( 51, 190.42256097,  7.62440435e+01,  2.27196671e-01, 0.00578898,  7.92245809e-02, 0.0061501 ,  2.01731627e-01,  0.00381216)
 ( 52,  27.27782065,  7.71541217e+01,  1.04282152e-01, 0.00433229,  3.42202683e-01, 0.00752681, -5.71156712e-03,  0.00191296)
 ( 53, 182.05751246,  7.92906649e+01, -5.02595361e-03, 0.00318128,  5.99991886e-02, 0.00508038, -2.43114071e-02,  0.0015483 )
 ( 54,  25.71944605,  8.11011046e+01,  1.55595961e-01, 0.00512238,  2.85066808e-01, 0.00693521,  6.39673442e-02,  0.0028932 )
 ( 55,  81.68212651,  8.12232534e+01,  1.43039274e-01, 0.00504484, -7.92322603e-03, 0.0047757 ,  1.45586026e-01,  0.00350979)
 ( 56,  61.55308294,  8.17577245e+01,  1.73366198e-01, 0.00514446,  4.14433160e-01, 0.00833301,  4.01555396e-02,  0.00246599)
 ( 57,  64.95512338,  8.15277492e+01,  1.31587490e-01, 0.00493835,  4.38905917e-01, 0.00836671, -9.48941182e-03,  0.00224905)
 ( 58, 147.68095767,  8.38300938e+01,  4.36004299e-02, 0.00389907,  7.28773917e-03, 0.00498097,  4.12579423e-02,  0.00229805)
 ( 59, 110.71370607,  8.53777460e+01,  2.23452305e-01, 0.00595023, -1.75792841e-01, 0.00701983,  2.79957147e-01,  0.00369386)
 ( 60,  50.11041105,  8.61054252e+01,  1.23806190e+01, 0.04188228,  1.60486180e+00, 0.01511398,  1.18647705e+01,  0.03702422)
 ( 61,  70.3182128 ,  8.61647653e+01,  1.41787270e-01, 0.00504118,  1.89077163e-01, 0.00694455,  8.10124672e-02,  0.00280901)
 ( 62,  32.95779991,  8.68504942e+01,  1.12109328e-01, 0.0047001 ,  9.69734102e-01, 0.01213926, -1.99590919e-01,  0.00079819)
 ( 63,  68.30311687,  8.80757121e+01,  8.80200374e-02, 0.00433346,  2.15652355e-01, 0.00690952,  1.87032091e-02,  0.00211254)
 ( 64, 136.45140316,  8.93996541e+01,  5.89065157e-02, 0.00392794,  9.38798506e-02, 0.00574394,  2.87308494e-02,  0.00208167)
 ( 65,   3.94896256,  8.93993507e+01,  1.40828042e-01, 0.0052144 ,  2.64443339e-01, 0.0063329 ,  5.58283971e-02,  0.00317882)
 ( 66, 112.24466762,  9.27207492e+01,  1.01864587e-01, 0.00441101, -3.04617186e-01, 0.00680776,  1.99777254e-01,  0.0022228 )
 ( 67,  63.45423858,  9.33172404e+01,  2.44670086e-01, 0.00601566,  1.93835388e-01, 0.00637789,  1.82365855e-01,  0.00396562)
 ( 68,  66.4612822 ,  9.29676037e+01,  1.78033206e-01, 0.00564331,  1.77127503e-01, 0.00656385,  1.21099366e-01,  0.0035335 )
 ( 69,  56.23542835,  9.64602354e+01,  1.09085562e-01, 0.00471971,  4.79624397e-01, 0.00895676, -4.50794225e-02,  0.00184075)
 ( 70,  59.86370793,  9.54112673e+01,  1.26835727e-01, 0.00455328,  3.41134854e-01, 0.00777593,  1.71852377e-02,  0.00205388)
 ( 71,  30.26461913,  9.73620808e+01,  5.74337786e-01, 0.00904512,  7.47839114e-01, 0.0107861 ,  3.33960928e-01,  0.00557816)
 ( 72,  95.80938096,  9.91229495e+01,  4.84566430e-02, 0.00388143, -4.54006831e-02, 0.00504582,  6.30497197e-02,  0.00225956)
 ( 73,   7.30966833,  1.01414336e+02,  3.11949775e-01, 0.00669816,  3.82261111e-01, 0.00768884,  1.89080133e-01,  0.00422675)
 ( 74,  11.57015645,  1.01042357e+02,  2.03165763e-01, 0.005493  ,  4.38794437e-01, 0.00899741,  6.21246940e-02,  0.00260098)
 ( 75, 145.94868844,  1.01924722e+02,  1.61904437e-01, 0.00506122,  2.16788571e-02, 0.00530969,  1.54936233e-01,  0.00335454)
 ( 76,  26.6102426 ,  1.02563970e+02,  5.17777605e-01, 0.0086187 ,  6.07078512e-01, 0.00978136,  3.22645226e-01,  0.00547469)
 ( 77,  76.11961652,  1.04150817e+02,  1.37171164e-01, 0.00483126,  7.57923249e-02, 0.00571417,  1.12809346e-01,  0.00299456)
 ( 78, 122.8287515 ,  1.04464370e+02,  6.65221432e-02, 0.00393936,  7.84203628e-02, 0.00588064,  4.13155980e-02,  0.00204915)
 ( 79, 174.37308412,  1.02398610e+02,  4.53275106e-02, 0.00370232, -4.95238170e-02, 0.00468077,  6.12458804e-02,  0.00219779)
 ( 80,  23.91635219,  1.04501519e+02,  4.77299946e-01, 0.00829848,  5.97458357e-01, 0.0094458 ,  2.85259760e-01,  0.00526233)
 ( 81, 161.61507602,  1.03798696e+02,  9.66817691e-02, 0.0042104 , -2.19009161e-02, 0.00452628,  1.03721349e-01,  0.00275552)
 ( 82, 148.46282508,  1.05951289e+02,  5.52100409e-02, 0.00406027, -4.07159481e-02, 0.00439168,  6.82973099e-02,  0.00264866)
 ( 83, 198.39151865,  1.08082942e+02,  1.42182790e-02, 0.00325485,  1.24128132e-01, 0.00472117, -2.56800492e-02,  0.00173733)
 ( 84,  77.55694032,  1.08948974e+02,  2.05900854e-01, 0.00572305,  1.16494023e-01, 0.00566095,  1.68456347e-01,  0.00390346)
 ( 85,  17.15464586,  1.11598270e+02,  4.13114226e-01, 0.00765058,  5.72391892e-01, 0.00934393,  2.29131118e-01,  0.00464717)
 ( 86, 177.72214686,  1.10617060e+02,  6.25787287e-02, 0.00386008, -3.60359494e-01, 0.00639798,  1.78408566e-01,  0.00180359)
 ( 87,  12.14977881,  1.12133155e+02,  2.65075212e-01, 0.00620803,  6.58470429e-01, 0.0097915 ,  5.34240029e-02,  0.00306076)
 ( 88,  15.48192568,  1.13382096e+02,  4.05356780e-01, 0.00759169,  6.00492333e-01, 0.00958393,  2.12341387e-01,  0.00451113)
 ( 89,  23.7035108 ,  1.15897743e+02,  1.45332546e-01, 0.00531042,  5.05440400e-01, 0.00870645, -1.71304400e-02,  0.00251192)
 ( 90, 114.13002413,  1.19774198e+02, -2.03897268e-02, 0.00387208, -8.84645582e-03, 0.0045285 , -1.75462231e-02,  0.00241649)
 ( 91,  58.68144208,  1.19313653e+02,  2.01465922e-01, 0.00553961, -3.98899921e-02, 0.00546661,  2.14287705e-01,  0.00378249)
 ( 92, 155.37369942,  1.21571832e+02,  1.75675111e-01, 0.00515679, -2.28425645e-02, 0.00436536,  1.83017364e-01,  0.00375364)
 ( 93, 180.91804846,  1.22858257e+02,  1.45484868e-01, 0.00532475,  3.34092835e-01, 0.00772684,  3.80978854e-02,  0.00284113)
 ( 94,  11.2276712 ,  1.28566701e+02,  3.76253394e-01, 0.00732255,  5.56412934e-01, 0.01079571,  1.97406380e-01,  0.0038525 )
 ( 95,  26.43949644,  1.29453171e+02,  2.73286429e-01, 0.00626391,  2.16044601e-01, 0.00659088,  2.03843522e-01,  0.00414542)
 ( 96, 151.86098759,  1.28733602e+02,  2.81568345e-02, 0.00347088,  1.02239267e-01, 0.00617051, -4.70578685e-03,  0.00148751)
 ( 97, 144.58243289,  1.30064487e+02, -2.75610633e-02, 0.00326183,  1.71144933e-02, 0.00587931, -3.30621504e-02,  0.00137205)
 ( 98, 139.33451915,  1.33201197e+02,  4.13811363e-02, 0.00369734,  8.01170877e-02, 0.00572991,  1.56292152e-02,  0.00185558)
 ( 99,  83.87841947,  1.35281459e+02,  4.02317131e-02, 0.00338037,  1.61480454e-02, 0.00549562,  3.50412700e-02,  0.00161392)
 (100, 115.05841553,  1.35890482e+02,  6.94041396e-02, 0.0042897 , -5.89643166e-02, 0.00462733,  8.83569557e-02,  0.00280235)
 (101, 157.42482248,  1.36927254e+02,  1.75317223e-01, 0.0052262 ,  2.07687131e-01, 0.00699927,  1.08560645e-01,  0.00297643)
 (102, 143.40076311,  1.38411667e+02,  6.31520302e-02, 0.00359957, -4.95068055e-02, 0.00539675,  7.90649320e-02,  0.0018649 )
 (103, 170.08201347,  1.38439473e+02, -4.90746603e-02, 0.00204191,  3.64832767e-01, 0.00791255, -1.66342335e-01, -0.00050141)
 (104, 174.22838373,  1.37755775e+02, -5.99960110e-02, 0.00216292,  2.49884530e-02, 0.00487996, -6.80280137e-02,  0.00059436)
 (105,  75.97892264,  1.39139384e+02,  1.44459799e-01, 0.00484188,  3.03750715e-01, 0.00758064,  4.68256410e-02,  0.00240525)
 (106, 115.86334804,  1.39688407e+02,  3.10171093e-02, 0.00404436, -2.65557135e-01, 0.0046648 ,  1.16374760e-01,  0.00254496)
 (107, 125.48482753,  1.42949018e+02,  2.40985355e-01, 0.00608514, -3.24487167e-01, 0.00491138,  3.45284801e-01,  0.00450648)
 (108,   9.88889146,  1.43606309e+02,  1.94568497e-01, 0.00537984,  6.90465022e-01, 0.00996241, -2.73666887e-02,  0.00217763)
 (109,  20.7107069 ,  1.43937034e+02,  1.16719815e-01, 0.00499149,  5.48930332e-01, 0.00895387, -5.97220772e-02,  0.00211346)
 (110,  49.80418558,  1.46422179e+02,  9.43800176e-02, 0.0042949 ,  2.64113678e-01, 0.00803298,  9.48633544e-03,  0.00171287)
 (111, 152.93747599,  1.46465150e+02,  3.88665206e-01, 0.00744146, -1.26656041e-03, 0.00725455,  3.89072314e-01,  0.00510965)
 (112,  77.30372454,  1.49353874e+02,  2.75288130e-01, 0.00637204,  1.11955606e-01, 0.00663016,  2.39302400e-01,  0.00424092)
 (113, 110.70311992,  1.49854320e+02, -3.30164533e-02, 0.00363365, -3.80697653e-02, 0.00584314, -2.07797430e-02,  0.0017555 )
 (114, 197.17505258,  1.49748230e+02,  1.64232809e-01, 0.00535642, -6.71725082e-02, 0.00381823,  1.85823972e-01,  0.00412913)
 (115, 193.87784314,  1.54421175e+02,  7.03872644e-02, 0.00420314, -2.59500816e-02, 0.00449271,  7.87283621e-02,  0.00275905)
 (116,  24.45784684,  1.56518734e+02,  2.23192489e-01, 0.00613865,  7.22985821e-01, 0.01019889, -9.19581064e-03,  0.00286043)
 (117, 117.53781754,  1.56703225e+02,  9.47593532e-02, 0.00445488, -3.43811086e-01, 0.00592685,  2.05270059e-01,  0.00254982)
 (118, 172.33313615,  1.56803644e+02,  1.83856202e-01, 0.00589476, -4.00090286e-01, 0.00627555,  3.12456651e-01,  0.00387761)
 (119,  39.57934815,  1.57446514e+02,  5.97174220e-02, 0.00440762,  2.27605062e-01, 0.00876271, -1.34413480e-02,  0.00159104)
 (120,  46.56714912,  1.58430377e+02,  2.25118939e-01, 0.00573395,  5.09773295e-01, 0.00947926,  6.12632373e-02,  0.00268705)
 (121, 138.91545402,  1.59426659e+02,  3.33624631e-01, 0.0069702 , -6.08895117e-02, 0.00644434,  3.53196259e-01,  0.00489881)
 (122, 141.37251658,  1.61452417e+02,  2.10662591e-01, 0.00557266,  2.28503082e-01, 0.00665327,  1.37215172e-01,  0.00343411)
 (123, 111.2998627 ,  1.65757688e+02,  1.14150630e-01, 0.00434305, -3.03097094e-01, 0.00456939,  2.11574696e-01,  0.00287432)
 (124,   1.04663207,  1.68155723e+02,  4.81701207e-01, 0.00826129, -1.72035321e-01, 0.01037087,  5.36998274e-01,  0.0049278 )
 (125, 188.94783085,  1.68305866e+02, -2.22625441e-02, 0.00292222, -1.96965004e-01, 0.00518557,  4.10476356e-02,  0.00125543)
 (126,  62.11616528,  1.70412700e+02,  2.11620634e-01, 0.00549248,  2.51402816e-01, 0.00681325,  1.30812586e-01,  0.0033025 )
 (127, 159.39469776,  1.70876299e+02,  2.20885713e-01, 0.00561722,  2.18350418e-01, 0.00768837,  1.50701650e-01,  0.00314595)
 (128,  93.47375325,  1.72602567e+02,  8.57351547e-02, 0.00431845,  1.40440279e-01, 0.00620599,  4.05936364e-02,  0.00232366)
 (129,  27.16206724,  1.75144715e+02,  3.54239055e-01, 0.00708447,  7.52014015e-01, 0.01053047,  1.12520264e-01,  0.00369968)
 (130, 182.81750174,  1.73839527e+02,  1.07150949e-01, 0.0044442 , -6.07686529e-02, 0.00528643,  1.26683730e-01,  0.00274499)
 (131, 121.60401887,  1.77011122e+02,  3.02319306e-01, 0.00654474,  9.26003461e-02, 0.00635303,  2.72554909e-01,  0.00450269)
 (132,  79.9144869 ,  1.81556209e+02,  2.91277102e-01, 0.00645081,  4.67927109e-01, 0.00862349,  1.40871960e-01,  0.00367898)
 (133, 193.13693321,  1.83844327e+02,  8.84425638e-02, 0.0039153 ,  1.09929253e-01, 0.00559842,  5.31081611e-02,  0.00211581)
 (134,  39.50238119,  1.85167256e+02,  2.94270331e-01, 0.00649148,  8.92176428e-01, 0.01144291,  7.49933604e-03,  0.0028134 )
 (135,  92.78236469,  1.84859473e+02,  2.13201822e-01, 0.005594  ,  4.18462324e-01, 0.00798876,  7.86960749e-02,  0.00302619)
 (136,  99.98387502,  1.87065032e+02,  1.99896227e-01, 0.00538737,  5.55369049e-01, 0.00912066,  2.13847464e-02,  0.00245572)
 (137, 188.35526786,  1.87189528e+02,  1.79751459e-01, 0.00518008,  1.43280761e-01, 0.00579381,  1.33696929e-01,  0.00331778)
 (138,  13.58193418,  1.90644477e+02,  4.83561170e-01, 0.00828504,  1.59453515e+00, 0.01548894, -2.89679854e-02,  0.00330646)
 (139, 188.5488181 ,  1.90790001e+02,  1.96240394e-01, 0.00538126,  5.33894267e-02, 0.00492169,  1.79079507e-01,  0.00379929)
 (140,  78.27702961,  1.92882437e+02,  2.55723515e-01, 0.00601936,  6.44029618e-01, 0.0095985 ,  4.87139948e-02,  0.00293413)
 (141, 124.69082899,  1.93211940e+02,  8.61144185e-02, 0.00405883,  3.80214955e-01, 0.00774312, -3.60975314e-02,  0.00156997)
 (142,  13.89312933,  1.94555003e+02,  5.76565150e-01, 0.00904755,  1.19338866e+00, 0.01316428,  1.92975939e-01,  0.00481618)
 (143,  47.91456649,  1.94475776e+02,  4.45828615e-01, 0.00794773,  9.55223660e-01, 0.01163354,  1.38792438e-01,  0.00420838)
 (144,  11.09915498,  1.97283642e+02,  6.82991229e-01, 0.00983709,  1.06563760e+00, 0.01296088,  3.40464857e-01,  0.00567109)
 (145,  16.57698984,  1.97225235e+02,  5.88785704e-01, 0.00934804,  9.95338653e-01, 0.0118753 ,  2.68855423e-01,  0.00553098)
 (146,  56.17724197,  1.98166718e+02,  2.39617050e-01, 0.00593399,  7.44186226e-01, 0.01026833,  4.14334603e-04,  0.00263345)
 (147,  61.08666436,  1.98060311e+02,  2.56052566e-01, 0.00618024,  6.94365765e-01, 0.00991867,  3.28635698e-02,  0.0029921 )]
